1280
0.561728 9.604387 5.367737
0.735394 9.737055 5.493911
0.495395 9.737055 5.571893
0.495395 9.737055 5.163581
0.735394 9.737055 5.241563
0.628061 9.951721 5.571893
0.388063 9.951721 5.493911
0.388063 9.951721 5.241562
0.628061 9.951721 5.163581
0.776391 9.951719 5.367737
0.561728 10.084389 5.367737
0.522739 9.640231 5.487736
0.663806 9.640231 5.441899
0.624817 9.71821 5.561899
0.765884 9.718211 5.367737
0.663806 9.640231 5.293574
0.435553 9.640232 5.367737
0.396563 9.718211 5.487736
0.522739 9.640231 5.247738
0.396563 9.718211 5.247737
0.624817 9.718211 5.173573
0.789982 9.844388 5.441899
0.789982 9.844388 5.293573
0.561728 9.844388 5.607737
0.702797 9.844388 5.561901
0.42066 9.844388 5.561901
0.42066 9.844388 5.173573
0.702797 9.844388 5.173573
0.561728 9.844388 5.127737
0.726894 9.970565 5.487736
0.49864 9.970565 5.561899
0.357573 9.970565 5.367737
0.49864 9.970566 5.173574
0.726894 9.970565 5.247737
0.600718 10.048545 5.487736
0.687904 10.048544 5.367737
0.459651 10.048545 5.441899
0.459651 10.048545 5.293574
0.600718 10.048545 5.247738
-0.561728 9.604387 5.367737
-0.735394 9.737055 5.493911
-0.495395 9.737055 5.571892
-0.495395 9.737055 5.163581
-0.735394 9.737055 5.241562
-0.628062 9.951721 5.571892
-0.388063 9.951721 5.493911
-0.388063 9.951721 5.241563
-0.628062 9.951721 5.163581
-0.776391 9.951719 5.367737
-0.561728 10.084389 5.367737
-0.522739 9.640231 5.487735
-0.663806 9.640231 5.441899
-0.624817 9.71821 5.561899
-0.765884 9.718211 5.367737
-0.663806 9.640231 5.293574
-0.435553 9.640232 5.367737
-0.396563 9.718211 5.487736
-0.522739 9.640231 5.247738
-0.396563 9.718211 5.247737
-0.624817 9.718211 5.173573
-0.789982 9.844388 5.441899
-0.789982 9.844388 5.293573
-0.561729 9.844388 5.607737
-0.702797 9.844388 5.561901
-0.42066 9.844388 5.561901
-0.42066 9.844388 5.173573
-0.702797 9.844388 5.173573
-0.561728 9.844388 5.127737
-0.726894 9.970565 5.487736
-0.49864 9.970565 5.561899
-0.357573 9.970565 5.367737
-0.49864 9.970566 5.173573
-0.726894 9.970565 5.247737
-0.600718 10.048545 5.487735
-0.687904 10.048544 5.367737
-0.459651 10.048545 5.441899
-0.459651 10.048545 5.293573
-0.600718 10.048545 5.247738
0.718655 1.508245 0.065046
0.718655 2.211423 0.625004
0.897067 1.508245 0.147694
0.897067 2.246783 0.810757
1.018834 1.508245 0.369397
1.079332 2.341639 1.309042
1.045296 1.508245 0.659766
1.105794 2.465873 1.961656
0.968053 1.508245 0.926612
1.028551 2.580043 2.5614
0.811627 1.508244 1.085212
0.811627 2.6479 2.917858
0.625683 1.508244 1.085212
0.625683 2.6479 2.917858
0.469258 1.508245 0.926612
0.469258 2.580043 2.5614
0.392014 1.508245 0.659766
0.269173 2.465873 1.961656
0.418477 1.508245 0.369397
0.418477 2.341639 1.309042
0.540244 1.508245 0.147694
0.540244 2.246783 0.810758
0.718655 1.316668 0.158852
0.881334 1.316668 0.234211
0.992363 1.316668 0.436364
1.016492 1.316668 0.701127
0.94606 1.316668 0.94444
0.803428 1.316668 1.089054
0.633882 1.316668 1.089054
0.491251 1.316668 0.94444
0.420819 1.316668 0.701127
0.444948 1.316668 0.436363
0.555977 1.316668 0.234211
0.718655 0.60504 1.085703
0.800825 0.608309 1.123627
0.856906 0.61708 1.225358
0.869094 0.628567 1.358598
0.833518 0.639123 1.481043
0.761474 0.645397 1.553818
0.675836 0.645397 1.553818
0.603792 0.639123 1.481043
0.568216 0.628567 1.358598
0.580404 0.61708 1.225358
0.636485 0.608309 1.123627
0.807905 2.806613 1.058475
0.986317 2.85555 1.240908
1.168582 2.986824 1.730288
1.195045 3.158756 2.371239
1.153365 3.610321 3.119202
0.936441 3.714612 3.46675
0.530106 3.714612 3.46675
0.358275 3.150587 2.870297
0.230218 2.970973 2.260235
0.419463 2.986824 1.730288
0.629494 2.85555 1.240909
1.053291 0.319943 3.108585
0.933018 0.370087 3.122326
0.845879 0.459242 1.819571
0.972284 0.139501 3.489927
0.983933 0.401587 1.803424
1.010964 0.123375 3.485508
1.06463 0.262592 1.858382
1.026986 0.084443 3.483678
0.984324 0.12336 1.804764
1.010964 0.045511 3.485508
0.846102 0.065405 1.821532
0.972284 0.029386 3.489927
0.707528 0.123071 1.837757
0.933604 0.045511 3.494347
0.628816 0.262591 1.926651
0.917582 0.084443 3.496177
0.707665 0.401813 1.836318
0.933604 0.123375 3.494347
1.10311 0.198888 3.102894
1.053291 0.077833 3.108585
0.933018 0.02769 3.122326
0.812745 0.077833 3.136067
0.762926 0.198888 3.141758
0.812745 0.319943 3.136067
0.36376 0.56767 2.667051
0.243514 0.617812 2.653143
0.354539 0.458557 1.781764
0.21552 0.387227 2.89793
0.492347 0.401134 1.79799
0.254192 0.371101 2.902403
0.557639 0.262361 1.917206
0.27021 0.332169 2.904255
0.492469 0.123227 1.800064
0.254192 0.293238 2.902403
0.35989 0.065426 1.785791
0.21552 0.277111 2.89793
0.26558 0.123171 1.778777
0.176849 0.293238 2.893457
0.19319 0.26236 1.768264
0.16083 0.332169 2.891604
0.218346 0.401172 1.766746
0.176849 0.371101 2.893457
0.413568 0.446614 2.672812
0.36376 0.325559 2.667051
0.243514 0.275416 2.653143
0.123267 0.325559 2.639235
0.073459 0.446614 2.633474
0.123267 0.56767 2.639235
1.88594 0.319944 2.300324
1.784883 0.370087 2.366958
1.308233 0.458556 1.629413
1.920775 0.139501 2.572476
1.411906 0.400595 1.559015
1.953275 0.123375 2.551047
1.426808 0.260299 1.54492
1.966737 0.084443 2.54217
1.376399 0.120949 1.580799
1.953275 0.045511 2.551047
1.295188 0.064734 1.639932
1.920775 0.029386 2.572476
1.193498 0.123172 1.708183
1.888274 0.045511 2.593906
1.161625 0.26236 1.827034
1.874812 0.084443 2.602782
1.192664 0.401172 1.706264
1.888274 0.123375 2.593906
1.9278 0.198888 2.272723
1.88594 0.077833 2.300324
1.784883 0.02769 2.366958
1.683825 0.077833 2.433591
1.641966 0.198888 2.461192
1.683825 0.319943 2.433591
0.710134 0.216903 0.417082
0.787226 0.249853 0.412693
0.779541 0.402104 0.981033
0.788052 0.084779 0.273044
0.644938 0.355911 0.985892
0.763259 0.074182 0.274456
0.58663 0.247313 0.999284
0.753286 0.049268 0.277438
0.627585 0.139925 1.013776
0.763974 0.024633 0.280246
0.800023 0.096654 1.013082
0.789063 0.014706 0.281232
0.915906 0.142847 1.016228
0.813856 0.025303 0.279821
0.970173 0.251445 0.993842
0.823829 0.050216 0.276838
0.902633 0.358832 0.984184
0.813141 0.074852 0.274031
0.679123 0.139437 0.426357
0.712358 0.062834 0.435085
0.79037 0.031968 0.438154
0.867462 0.064919 0.433765
0.898473 0.142384 0.42449
0.865238 0.218987 0.415762
1.469952 0.375788 1.660672
1.500075 0.252388 1.641466
1.459629 0.128933 1.672516
1.372239 0.078176 1.733677
1.271168 0.129632 1.799676
1.226919 0.253162 1.842132
1.370513 0.4267 1.725972
1.26879 0.376002 1.794812
0.978805 0.377879 1.964617
1.031592 0.254236 1.965825
0.979656 0.130146 1.96826
0.856652 0.07819 1.984838
0.732921 0.129571 1.999965
0.681772 0.25422 2.004721
0.856077 0.42924 1.979669
0.733099 0.378292 1.996288
0.455227 0.515501 1.936789
0.506225 0.394145 1.954252
0.455359 0.272138 1.943222
0.33404 0.221276 1.92965
0.216676 0.27203 1.915729
0.163306 0.394141 1.906591
0.334785 0.565673 1.922071
0.214019 0.515563 1.909588
0.626097 0.442056 1.137794
0.727704 0.43955 1.099846
0.520678 0.44875 1.29048
0.46007 0.457584 1.551324
0.562898 0.465676 1.685204
0.807678 0.470486 1.728803
0.993158 0.465908 1.715061
1.099251 0.456859 1.622851
1.139144 0.453345 1.483701
0.960597 0.448779 1.239928
0.858239 0.442056 1.138054
0.680333 0.468081 1.713374
0.363239 0.127912 1.504526
0.373023 0.385953 1.505536
0.296531 0.256759 1.496526
0.416322 0.251679 1.233597
0.502087 0.371015 1.242142
0.467294 0.133629 1.250161
1.212886 0.384268 1.327047
1.102284 0.374957 1.200538
1.263526 0.258062 1.316431
1.170523 0.255546 1.185526
1.079498 0.135431 1.209206
1.204366 0.130987 1.348328
0.762811 0.129814 1.433575
0.787775 0.134781 1.244622
0.979902 0.12213 1.63992
0.802262 0.065137 1.652964
0.662966 0.33078 0.883468
1.072177 0.124039 1.604503
0.698522 0.123071 1.65088
0.571816 0.123224 1.622655
0.908275 0.13019 1.40351
0.6151 0.22781 0.897225
0.663058 0.125988 0.909326
0.795262 0.08496 0.911401
0.894511 0.128758 0.914039
0.951639 0.231728 0.892824
0.782313 0.374579 0.878386
0.895263 0.33355 0.881597
0.786102 0.37303 0.67503
0.694724 0.333973 0.680232
0.657872 0.242151 0.691221
0.697236 0.151353 0.701564
0.789892 0.114766 0.705197
0.881501 0.153823 0.699953
0.917995 0.245645 0.689007
0.878571 0.336443 0.678667
0.89449 0.465903 2.550142
1.015992 0.415151 2.535744
1.067298 0.292799 2.533507
1.016418 0.170224 2.537568
0.894778 0.119174 2.55273
0.772773 0.169936 2.567165
0.722288 0.292791 2.572388
0.772862 0.415357 2.565324
1.577698 0.504014 2.046465
1.677946 0.453486 1.980498
1.713938 0.331258 1.957095
1.672785 0.209003 1.98642
1.578561 0.158553 2.050317
1.477497 0.209353 2.116634
1.434442 0.331645 2.151662
1.476307 0.453593 2.114202
0.289149 0.664385 2.287607
0.409494 0.614228 2.30192
0.459896 0.493022 2.313532
0.40956 0.371491 2.305137
0.288777 0.320989 2.291396
0.169971 0.371437 2.277482
0.118383 0.493021 2.270032
0.168643 0.614259 2.274411
-0.718655 1.508245 0.065046
-0.718655 2.211423 0.625004
-0.897067 1.508245 0.147694
-0.897067 2.246783 0.810757
-1.018834 1.508245 0.369397
-1.079332 2.341639 1.309042
-1.045296 1.508245 0.659766
-1.105794 2.465873 1.961656
-0.968053 1.508245 0.926612
-1.028551 2.580043 2.5614
-0.811627 1.508244 1.085212
-0.811627 2.6479 2.917858
-0.625683 1.508244 1.085212
-0.625683 2.6479 2.917858
-0.469258 1.508245 0.926612
-0.469258 2.580043 2.5614
-0.392014 1.508245 0.659766
-0.269173 2.465873 1.961656
-0.418477 1.508245 0.369397
-0.418477 2.341639 1.309042
-0.540244 1.508245 0.147694
-0.540244 2.246783 0.810758
-0.718655 1.316668 0.158852
-0.881334 1.316668 0.234211
-0.992363 1.316668 0.436363
-1.016492 1.316668 0.701127
-0.94606 1.316668 0.944441
-0.803428 1.316668 1.089054
-0.633882 1.316668 1.089054
-0.491251 1.316668 0.94444
-0.420819 1.316668 0.701127
-0.444948 1.316668 0.436363
-0.555977 1.316668 0.234211
-0.718655 0.60504 1.085703
-0.800825 0.608309 1.123627
-0.856906 0.61708 1.225358
-0.869094 0.628567 1.358598
-0.833518 0.639123 1.481043
-0.761474 0.645397 1.553818
-0.675836 0.645397 1.553818
-0.603792 0.639123 1.481043
-0.568216 0.628567 1.358598
-0.580404 0.61708 1.225358
-0.636485 0.608309 1.123627
-0.807905 2.806613 1.058475
-0.986317 2.85555 1.240908
-1.168582 2.986824 1.730288
-1.195045 3.158756 2.371239
-1.153364 3.610321 3.119202
-0.936441 3.714612 3.46675
-0.530106 3.714612 3.46675
-0.358275 3.150587 2.870297
-0.230218 2.970973 2.260235
-0.419463 2.986824 1.730288
-0.629494 2.85555 1.240909
-1.053291 0.319943 3.108586
-0.933018 0.370087 3.122326
-0.845879 0.459242 1.81957
-0.972284 0.139501 3.489927
-0.983933 0.401587 1.803424
-1.010964 0.123375 3.485508
-1.06463 0.262592 1.858382
-1.026986 0.084443 3.483678
-0.984324 0.12336 1.804764
-1.010964 0.045511 3.485508
-0.846102 0.065405 1.821532
-0.972284 0.029386 3.489927
-0.707528 0.123071 1.837757
-0.933604 0.045511 3.494347
-0.628816 0.262591 1.926651
-0.917582 0.084443 3.496177
-0.707665 0.401813 1.836318
-0.933604 0.123375 3.494347
-1.10311 0.198888 3.102894
-1.053291 0.077833 3.108586
-0.933018 0.02769 3.122326
-0.812745 0.077833 3.136067
-0.762926 0.198888 3.141758
-0.812745 0.319943 3.136067
-0.36376 0.56767 2.667051
-0.243514 0.617812 2.653143
-0.354539 0.458557 1.781764
-0.21552 0.387227 2.89793
-0.492347 0.401134 1.797989
-0.254192 0.371101 2.902403
-0.557639 0.262361 1.917206
-0.27021 0.332169 2.904256
-0.492469 0.123227 1.800064
-0.254192 0.293238 2.902403
-0.35989 0.065426 1.785791
-0.21552 0.277111 2.89793
-0.26558 0.123171 1.778777
-0.176849 0.293238 2.893457
-0.19319 0.26236 1.768264
-0.16083 0.332169 2.891604
-0.218345 0.401172 1.766746
-0.176849 0.371101 2.893457
-0.413568 0.446614 2.672812
-0.36376 0.325559 2.667051
-0.243514 0.275416 2.653143
-0.123267 0.325559 2.639235
-0.073459 0.446614 2.633474
-0.123267 0.56767 2.639235
-1.88594 0.319944 2.300324
-1.784883 0.370087 2.366958
-1.308233 0.458556 1.629413
-1.920774 0.139501 2.572476
-1.411906 0.400595 1.559015
-1.953275 0.123375 2.551047
-1.426807 0.260299 1.54492
-1.966737 0.084443 2.54217
-1.376399 0.120949 1.580799
-1.953275 0.045511 2.551047
-1.295188 0.064734 1.639932
-1.920774 0.029386 2.572476
-1.193498 0.123172 1.708183
-1.888274 0.045511 2.593906
-1.161625 0.26236 1.827034
-1.874812 0.084443 2.602782
-1.192664 0.401172 1.706264
-1.888274 0.123375 2.593906
-1.927799 0.198888 2.272723
-1.88594 0.077833 2.300324
-1.784883 0.02769 2.366958
-1.683825 0.077833 2.433591
-1.641966 0.198888 2.461192
-1.683825 0.319943 2.433591
-0.710134 0.216903 0.417082
-0.787226 0.249853 0.412693
-0.779541 0.402104 0.981033
-0.788052 0.084779 0.273044
-0.644938 0.355911 0.985892
-0.763259 0.074182 0.274456
-0.58663 0.247313 0.999285
-0.753286 0.049268 0.277438
-0.627585 0.139925 1.013776
-0.763974 0.024633 0.280246
-0.800023 0.096654 1.013082
-0.789064 0.014706 0.281232
-0.915906 0.142847 1.016228
-0.813856 0.025303 0.279821
-0.970173 0.251445 0.993842
-0.82383 0.050216 0.276838
-0.902633 0.358832 0.984184
-0.813141 0.074852 0.274031
-0.679123 0.139437 0.426357
-0.712358 0.062834 0.435085
-0.79037 0.031968 0.438154
-0.867462 0.064919 0.433765
-0.898473 0.142384 0.42449
-0.865238 0.218987 0.415762
-1.469952 0.375788 1.660672
-1.500075 0.252388 1.641466
-1.459629 0.128933 1.672516
-1.372239 0.078176 1.733677
-1.271168 0.129632 1.799676
-1.226918 0.253162 1.842132
-1.370513 0.4267 1.725972
-1.268789 0.376002 1.794812
-0.978805 0.377879 1.964617
-1.031592 0.254236 1.965825
-0.979656 0.130146 1.96826
-0.856652 0.07819 1.984838
-0.732921 0.129571 1.999965
-0.681772 0.25422 2.004721
-0.856077 0.42924 1.979669
-0.733099 0.378292 1.996288
-0.455227 0.515501 1.936789
-0.506225 0.394145 1.954252
-0.455359 0.272138 1.943222
-0.33404 0.221276 1.92965
-0.216676 0.27203 1.915729
-0.163306 0.394141 1.906591
-0.334785 0.565673 1.922071
-0.214019 0.515563 1.909588
-0.626097 0.442056 1.137794
-0.727704 0.43955 1.099846
-0.520678 0.44875 1.29048
-0.46007 0.457584 1.551324
-0.562898 0.465676 1.685204
-0.807678 0.470486 1.728803
-0.993158 0.465908 1.715061
-1.099251 0.456859 1.622851
-1.139144 0.453345 1.483701
-0.960597 0.448779 1.239928
-0.858239 0.442056 1.138054
-0.680333 0.468081 1.713374
-0.363239 0.127912 1.504526
-0.373023 0.385953 1.505536
-0.296531 0.256759 1.496526
-0.416322 0.251679 1.233597
-0.502087 0.371015 1.242142
-0.467294 0.133629 1.250161
-1.212886 0.384268 1.327047
-1.102284 0.374957 1.200538
-1.263526 0.258062 1.316431
-1.170523 0.255546 1.185526
-1.079498 0.135431 1.209206
-1.204366 0.130987 1.348328
-0.762811 0.129814 1.433575
-0.787775 0.134781 1.244622
-0.979902 0.12213 1.63992
-0.802262 0.065137 1.652964
-0.662966 0.33078 0.883468
-1.072177 0.124039 1.604503
-0.698522 0.123071 1.65088
-0.571816 0.123224 1.622655
-0.908275 0.13019 1.40351
-0.6151 0.22781 0.897225
-0.663058 0.125988 0.909326
-0.795262 0.08496 0.911401
-0.894511 0.128758 0.914039
-0.951639 0.231728 0.892825
-0.782313 0.374579 0.878386
-0.895263 0.33355 0.881597
-0.786102 0.37303 0.67503
-0.694724 0.333973 0.680232
-0.657872 0.242151 0.69122
-0.697236 0.151353 0.701564
-0.789892 0.114766 0.705197
-0.881501 0.153823 0.699953
-0.917995 0.245645 0.689007
-0.878571 0.336443 0.678667
-0.89449 0.465903 2.550142
-1.015992 0.415151 2.535744
-1.067298 0.292799 2.533508
-1.016418 0.170224 2.537569
-0.894778 0.119174 2.55273
-0.772773 0.169936 2.567165
-0.722288 0.292791 2.572388
-0.772862 0.415357 2.565324
-1.577698 0.504014 2.046465
-1.677946 0.453486 1.980498
-1.713938 0.331258 1.957095
-1.672785 0.209003 1.98642
-1.578561 0.158553 2.050317
-1.477497 0.209353 2.116634
-1.434442 0.331645 2.151662
-1.476307 0.453593 2.114202
-0.289149 0.664385 2.287607
-0.409494 0.614228 2.30192
-0.459897 0.493022 2.313532
-0.40956 0.371491 2.305137
-0.288777 0.320989 2.291396
-0.169971 0.371437 2.277482
-0.118383 0.493021 2.270032
-0.168643 0.614259 2.274411
0.631291 0.525183 1.130711
0.550541 0.532915 1.257919
0.514143 0.543076 1.454961
0.583345 0.5524 1.583123
0.741757 0.557941 1.641311
0.877316 0.555653 1.63444
0.966385 0.547991 1.551947
1.004119 0.540956 1.421149
0.908752 0.532929 1.232643
0.829532 0.525183 1.130841
0.72318 0.522295 1.092775
0.678084 0.556739 1.633596
-0.631291 0.525183 1.130711
-0.550541 0.532915 1.257919
-0.514143 0.543076 1.454961
-0.583345 0.5524 1.583123
-0.741757 0.557941 1.641311
-0.877316 0.555653 1.63444
-0.966385 0.547991 1.551947
-1.004119 0.540956 1.421149
-0.908752 0.532929 1.232643
-0.829532 0.525183 1.130841
-0.72318 0.522295 1.092775
-0.678084 0.556739 1.633596
0.741478 8.299552 5.091201
0.286404 9.300728 5.991601
0.728615 9.784703 3.950239
0.343534 10.158877 5.935759
1.001434 9.377789 4.110343
0.244301 9.725468 6.14806
0.833031 7.759314 2.393218
0.519136 10.553112 5.096193
0.497137 8.881608 5.345438
0.675628 9.856386 5.161898
1.116631 8.639291 4.596086
0.361124 9.523569 6.005218
1.21749 5.454536 4.939476
0.893331 9.177527 5.211788
0.179493 9.306875 6.592077
0.196526 9.241323 6.581884
0.08207 9.133462 6.93776
0.078376 9.060458 6.938749
0.146598 9.231269 6.764006
0.157125 9.162855 6.749947
0.227 9.266727 6.261891
0.259422 9.375122 6.304184
0.078159 9.051986 6.843645
0.078159 9.053436 6.935896
0.197014 9.237941 6.574419
0.166806 9.16584 6.547491
0.122077 9.09463 6.732718
0.155753 9.147245 6.753082
0.268359 9.400738 6.288713
0.235869 9.457502 6.368835
0.44089 9.803588 5.94418
0.518512 9.476163 5.880543
0.348803 9.149758 5.809858
0.8451 7.981257 5.022146
0.822259 9.30816 3.646358
1.077378 9.030603 3.804634
1.315649 3.031134 2.178518
1.217833 8.293277 4.435884
0.819948 5.696542 -1.109954
1.480354 7.593671 2.66062
1.659982 6.997308 3.885828
1.595906 5.080335 -0.776171
0.808887 2.736001 -3.233376
1.832768 4.080956 0.462526
0.938997 1.730596 -2.136727
1.320653 4.082275 3.737459
0.805374 7.089294 0.51156
1.714029 6.865073 0.676128
2.264249 5.347008 2.065826
0.992874 2.147943 -0.0485
0.773977 3.577243 -2.28858
1.194979 3.055923 -1.550034
1.287131 2.587731 -0.783674
0.958504 2.236457 -2.631731
1.035019 1.8931 -2.301596
0.747868 -0.533513 -6.432598
1.654114 -0.765719 -5.190087
1.90283 -0.476129 -5.911806
1.94938 -0.685016 -5.710965
1.334903 0.284799 -3.98835
1.233002 1.014597 -4.696177
1.481306 0.734704 -4.44766
1.541232 0.465792 -4.189105
0.587833 2.545553 -3.405203
0.714759 1.558173 -2.322672
0.712613 0.234437 -4.009573
0.610208 0.982466 -4.737018
1.125273 -1.09862 -6.256984
0.934691 -1.060989 -5.63904
1.574959 -0.085637 -5.907746
1.095819 -0.955953 -6.436482
1.116012 4.711399 4.485628
0.908875 7.476789 1.529117
1.482799 7.22283 1.758674
2.078878 6.040911 2.926284
2.086969 4.697054 1.216175
1.313258 3.544308 2.963941
0.840873 6.507318 -0.369038
1.724992 5.933999 0.022134
1.163351 2.63553 1.05886
0.908979 4.655918 -1.697198
1.35383 4.095058 -1.186368
1.601477 3.292209 -0.216468
0.867171 1.906761 -1.075102
0.734892 3.156622 -2.760978
1.076743 2.646189 -2.090883
1.187367 2.229526 -1.547765
1.13695 0.977047 -3.044148
1.020945 1.875299 -3.964777
1.219904 1.485581 -3.539696
1.288125 1.179446 -3.245351
0.713686 0.865654 -3.147732
0.599021 1.764009 -4.071111
1.051978 6.919914 5.013301
0.877512 8.518874 3.027943
1.328127 8.200596 3.214961
1.415612 7.496006 4.168289
0.612112 8.694012 5.187004
0.993977 9.5989 4.608418
0.648552 10.400105 4.602114
1.003806 8.997646 4.834514
0.427389 10.394405 5.687419
0.419661 9.028345 5.617993
0.554114 9.848219 5.820013
0.687877 9.369398 5.688861
0.467218 8.954041 5.480371
0.652319 9.800644 5.378258
0.813004 9.272118 5.450971
0.455898 10.520849 5.386635
0.635013 9.992076 5.211143
0.866569 9.84117 4.937551
0.708117 9.727124 5.212114
0.696567 9.653848 5.36742
0.598858 10.057071 5.329692
0.589751 9.997576 5.520245
0.607293 9.821918 5.579802
0.628482 9.697962 5.494581
1.080418 1.993355 -2.076955
0.888132 1.74006 -1.794543
0.698707 2.861346 -3.092602
0.993739 2.358557 -2.470558
1.774581 7.736944 2.461008
1.756532 5.100517 4.711917
1.077131 2.539777 2.034375
0.834499 6.507271 -0.527456
2.517196 7.412847 2.853298
2.609381 6.289699 3.856191
2.008132 5.659029 -0.3875
1.985134 2.909212 1.396205
1.519291 3.81507 4.230573
1.425974 7.334549 0.70674
2.631666 6.704569 1.090649
2.612907 4.047821 3.180097
1.554538 4.296288 4.696409
1.75793 7.716489 1.550447
2.579239 7.33729 1.83528
2.618151 5.119626 3.861437
2.349877 3.486902 2.384814
1.345657 3.117923 3.371907
1.168635 6.961085 0.062013
2.362222 6.05652 0.290638
1.00459 2.389653 -0.487536
0.234891 5.533934 -2.299049
1.037555 5.051691 -2.135368
1.730248 2.722351 -0.851884
1.430069 2.333719 -2.372319
0.120228 4.888399 -3.30301
0.818753 4.525433 -3.308583
1.637187 2.990405 -2.638748
1.597683 5.42884 -1.156189
1.930731 2.756814 0.270011
0.501073 5.990816 -1.251614
1.14316 2.382167 0.743264
0.713612 2.658651 -7.169343
0.562957 3.129956 -6.703552
0.696982 3.167436 -6.611403
0.819989 2.861985 -6.486932
0.575449 3.75296 -4.94517
1.052207 3.007357 -4.89257
0.11821 3.92647 -4.895103
0.982005 2.638695 -4.785879
2.685583 6.754544 3.587633
2.489733 4.035909 0.610308
2.898416 5.347381 2.146917
2.80596 6.287416 2.913675
2.707097 4.654319 1.420595
1.925836 3.90893 -1.523119
1.163783 3.798245 -2.986936
2.357462 3.788676 -0.336143
0.770928 2.978023 -6.7406
0.579782 2.832487 -7.275501
0.786741 3.661316 -2.848696
1.155574 4.029785 -1.210363
1.4818 4.069318 -0.120368
1.602805 4.377972 0.835475
1.755674 4.934899 1.755986
1.882234 5.63669 2.470433
2.261688 5.999978 3.005369
2.139006 6.902526 3.782606
0.537114 3.350149 -4.824468
0.82161 3.432019 -4.887781
1.486411 5.271444 4.89058
1.739256 6.997311 3.89666
2.170283 6.020444 2.965827
1.446918 7.490059 1.638309
1.562311 7.715834 2.59519
1.335275 4.503477 4.591219
1.021245 6.573336 0.444549
1.279208 6.980796 1.096858
1.87661 7.07309 2.093999
0.678467 6.333645 -0.258074
0.367036 5.838707 -1.006222
0.066827 4.56592 -3.12659
0.264618 5.14935 -1.980433
0.158583 3.651529 -4.855046
0.657578 10.21665 5.17432
0.786216 9.851452 5.089147
0.834195 9.548903 5.212008
0.79802 9.531099 5.394344
0.598584 10.160397 5.576326
0.618943 10.230583 5.350996
0.719554 9.592453 5.557412
0.622419 9.846348 5.653704
0.672349 10.036242 5.215932
0.625038 10.045053 5.53416
0.674655 9.682348 5.515533
0.73128 9.856045 5.157635
0.779389 9.701136 5.234898
0.750768 9.651222 5.360889
0.626388 10.081228 5.34243
0.617151 9.838808 5.620088
0.285226 10.113173 3.843308
0.128368 9.182142 6.025568
0.329959 8.106499 5.393115
0.158525 10.280873 5.932866
0.12215 9.764328 6.156823
0.229827 10.727602 5.081266
0.157858 8.724945 5.497501
0.044257 9.285755 6.881213
0.180561 9.541001 6.001961
0.074886 9.44964 6.623521
0.098263 9.241323 6.581884
0.039187 9.053314 6.950014
0.064115 9.370329 6.797066
0.078562 9.162855 6.749947
0.107063 9.202246 6.2451
0.129711 9.375122 6.304184
0.039079 9.043492 6.852279
0.039079 9.046928 6.948912
0.077406 9.124079 6.531895
0.098506 9.237941 6.574419
0.053184 9.06003 6.719327
0.077876 9.147245 6.753082
0.098646 9.543308 6.472896
0.134179 9.400738 6.288713
0.140168 8.980332 5.817307
0.283079 9.655376 3.505357
0.350308 7.74876 5.43921
0.296331 7.85623 2.277782
0.608745 5.316785 5.121842
0.409975 5.828612 -1.15673
0.706048 2.751265 2.609722
0.403185 7.134256 0.479977
0.711826 3.809793 4.039159
0.386989 3.619644 -2.30688
0.49896 2.060984 0.12613
0.404444 2.760033 -3.237685
0.469499 1.620959 -2.029933
0.373935 -0.705268 -6.538815
0.467347 -1.273342 -5.72623
0.547911 -1.254354 -6.667599
0.562638 -1.409519 -6.514063
0.305105 1.014987 -4.717425
0.356308 0.232255 -3.952078
0.293918 2.557317 -3.409454
0.35738 1.464815 -2.245619
0.630106 4.488283 4.676562
0.341933 7.628298 1.375779
0.420437 6.542477 -0.406152
0.708129 3.27132 3.309371
0.45449 4.733641 -1.730771
0.629899 2.381588 1.368586
0.367447 3.189839 -2.772282
0.436108 1.826903 -0.939483
0.356844 0.848535 -3.098848
0.299512 1.786152 -4.06344
0.289653 8.760242 2.890458
0.537058 6.462289 5.389803
0.281853 10.638725 4.590459
0.309305 8.534231 5.428026
0.141331 8.852295 5.657036
0.186022 10.533847 5.684723
0.154511 8.787912 5.576248
0.207925 10.630724 5.382995
0.349354 2.888115 -3.098995
0.446589 1.663883 -1.686927
0.04097 9.127251 6.951242
0.130428 9.755607 6.182824
0.254196 9.715641 6.173198
0.292417 9.549545 6.158005
0.277199 9.450554 6.298239
0.102432 9.570045 6.463336
0.246087 9.490303 6.359824
0.327971 9.552309 6.073009
0.273986 9.423818 6.295382
0.189527 9.268263 6.586073
0.079894 9.09046 6.938343
0.152799 9.19097 6.755724
0.621581 9.66708 5.793411
0.03992 9.083699 6.950519
0.489971 9.599083 5.90797
0.668359 9.721401 5.619849
0.638008 9.757251 5.563888
0.95085 7.450615 5.019958
0.851264 8.914504 3.336074
1.196306 8.612939 3.511352
1.313347 7.893849 4.30103
0.456297 7.104699 5.444654
0.286978 9.208539 3.196941
1.512767 7.226552 4.003431
1.139599 6.186775 4.98644
0.84365 8.115721 2.724884
1.433363 7.747654 2.94422
-0.004129 8.306068 2.594666
0.284349 8.274398 2.606033
0.582429 5.883928 5.280576
-0.74148 8.299552 5.0912
-0.286406 9.300728 5.991601
-0.728616 9.784703 3.950238
-0.343536 10.158877 5.935759
-1.001436 9.377789 4.110342
-0.244303 9.725468 6.14806
-0.833031 7.759314 2.393217
-0.519137 10.553112 5.096192
-0.497139 8.881608 5.345437
-0.675629 9.856386 5.161897
-1.116633 8.639291 4.596085
-0.361126 9.523569 6.005218
-1.217492 5.454536 4.939475
-0.893333 9.177527 5.211787
-0.179496 9.306875 6.592077
-0.196529 9.241323 6.581884
-0.082073 9.133462 6.93776
-0.078379 9.060458 6.938749
-0.146601 9.231269 6.764006
-0.157128 9.162855 6.749947
-0.227002 9.266727 6.261891
-0.259425 9.375122 6.304184
-0.078162 9.051986 6.843645
-0.078162 9.053436 6.935896
-0.197016 9.237941 6.574419
-0.166809 9.16584 6.547491
-0.12208 9.09463 6.732718
-0.155756 9.147245 6.753082
-0.268362 9.400738 6.288713
-0.235871 9.457502 6.368835
-0.440892 9.803588 5.94418
-0.518514 9.476163 5.880542
-0.348805 9.149758 5.809858
-0.845102 7.981257 5.022146
-0.82226 9.30816 3.646357
-1.077379 9.030603 3.804633
-1.315649 3.031134 2.178517
-1.217834 8.293277 4.435883
-0.819947 5.696542 -1.109955
-1.480354 7.593671 2.660619
-1.659983 6.997308 3.885827
-1.595905 5.080335 -0.776172
-0.808883 2.736001 -3.233377
-1.832767 4.080956 0.462525
-0.938994 1.730596 -2.136728
-1.320654 4.082275 3.737458
-0.805373 7.089294 0.51156
-1.714028 6.865073 0.676127
-2.264249 5.347008 2.065825
-0.992873 2.147943 -0.0485
-0.773974 3.577243 -2.28858
-1.194977 3.055923 -1.550035
-1.287129 2.587731 -0.783675
-0.958501 2.236457 -2.631732
-1.035016 1.8931 -2.301597
-0.747862 -0.533513 -6.432598
-1.654109 -0.765719 -5.190088
-1.902825 -0.476129 -5.911808
-1.949375 -0.685016 -5.710966
-1.334899 0.284799 -3.988351
-1.232998 1.014597 -4.696178
-1.481302 0.734704 -4.447661
-1.541228 0.465792 -4.189106
-0.58783 2.545553 -3.405203
-0.714756 1.558173 -2.322672
-0.71261 0.234437 -4.009573
-0.610204 0.982466 -4.737018
-1.125268 -1.09862 -6.256984
-0.934686 -1.060989 -5.639041
-1.574954 -0.085637 -5.907746
-1.095814 -0.955953 -6.436482
-1.116013 4.711399 4.485628
-0.908875 7.476789 1.529116
-1.482799 7.22283 1.758673
-2.078879 6.040911 2.926283
-2.086968 4.697054 1.216173
-1.313259 3.544308 2.96394
-0.840871 6.507318 -0.369038
-1.724991 5.933999 0.022133
-1.16335 2.63553 1.058859
-0.908977 4.655918 -1.697199
-1.353828 4.095058 -1.186369
-1.601475 3.292209 -0.216469
-0.867169 1.906761 -1.075102
-0.734889 3.156622 -2.760978
-1.07674 2.646189 -2.090884
-1.187365 2.229526 -1.547766
-1.136947 0.977047 -3.044149
-1.020941 1.875299 -3.964778
-1.219901 1.485581 -3.539696
-1.288122 1.179446 -3.245352
-0.713683 0.865654 -3.147732
-0.599018 1.764009 -4.071111
-1.05198 6.919914 5.013301
-0.877512 8.518874 3.027942
-1.328128 8.200596 3.21496
-1.415613 7.496006 4.168288
-0.612114 8.694012 5.187003
-0.993979 9.5989 4.608418
-0.648554 10.400105 4.602114
-1.003808 8.997646 4.834513
-0.427392 10.394405 5.687418
-0.419663 9.028345 5.617992
-0.554116 9.848219 5.820012
-0.687879 9.369398 5.688861
-0.46722 8.954041 5.480371
-0.652321 9.800644 5.378257
-0.813006 9.272118 5.450971
-0.4559 10.520849 5.386635
-0.635014 9.992076 5.211142
-0.866571 9.84117 4.937551
-0.708119 9.727124 5.212113
-0.696568 9.653848 5.367419
-0.59886 10.057071 5.329691
-0.589753 9.997576 5.520244
-0.607295 9.821918 5.579801
-0.628484 9.697962 5.49458
-1.080416 1.993355 -2.076956
-0.888129 1.74006 -1.794544
-0.698703 2.861346 -3.092602
-0.993736 2.358557 -2.470559
-1.774581 7.736944 2.461007
-1.756533 5.100517 4.711916
-1.077131 2.539777 2.034374
-0.834497 6.507271 -0.527456
-2.517197 7.412847 2.853297
-2.609382 6.289699 3.856189
-2.00813 5.659029 -0.387501
-1.985134 2.909212 1.396204
-1.519292 3.81507 4.230572
-1.425973 7.334549 0.706739
-2.631666 6.704569 1.090647
-2.612907 4.047821 3.180095
-1.55454 4.296288 4.696408
-1.757929 7.716489 1.550446
-2.579239 7.33729 1.835279
-2.618152 5.119626 3.861435
-2.349877 3.486902 2.384813
-1.345658 3.117923 3.371907
-1.168634 6.961085 0.062012
-2.362221 6.05652 0.290637
-1.004589 2.389653 -0.487536
-0.234888 5.533934 -2.299049
-1.037552 5.051691 -2.135369
-1.730246 2.722351 -0.851885
-1.430066 2.333719 -2.37232
-0.120224 4.888399 -3.30301
-0.81875 4.525433 -3.308584
-1.637184 2.990405 -2.638749
-1.597681 5.42884 -1.15619
-1.93073 2.756814 0.27001
-0.501071 5.990816 -1.251615
-1.143159 2.382167 0.743263
-0.713606 2.658651 -7.169343
-0.562952 3.129956 -6.703552
-0.696977 3.167436 -6.611403
-0.819983 2.861985 -6.486932
-0.575444 3.75296 -4.94517
-1.052203 3.007357 -4.89257
-0.118205 3.92647 -4.895103
-0.982001 2.638695 -4.78588
-2.685584 6.754544 3.587631
-2.489732 4.035909 0.610306
-2.898416 5.347381 2.146915
-2.805961 6.287416 2.913673
-2.707096 4.654319 1.420593
-1.925834 3.90893 -1.52312
-1.16378 3.798245 -2.986937
-2.357461 3.788676 -0.336145
-0.770922 2.978023 -6.7406
-0.579777 2.832487 -7.275501
-0.786738 3.661316 -2.848696
-1.155572 4.029785 -1.210364
-1.481799 4.069318 -0.120368
-1.602804 4.377972 0.835474
-1.755674 4.934899 1.755985
-1.882235 5.63669 2.470432
-2.261688 5.999978 3.005368
-2.139007 6.902526 3.782604
-0.53711 3.350149 -4.824468
-0.821606 3.432019 -4.887782
-1.486413 5.271444 4.890579
-1.739257 6.997311 3.896659
-2.170283 6.020444 2.965825
-1.446918 7.490059 1.638308
-1.562312 7.715834 2.595189
-1.335276 4.503477 4.591218
-1e-06 10.18259 3.827173
-1e-06 8.050509 5.495281
-1e-06 10.306224 5.932264
-1e-06 9.152033 6.064941
-1e-06 9.78689 6.198186
-1e-06 10.77059 5.064941
-1e-06 8.687668 5.595645
-1e-06 9.558434 5.998704
-1e-06 9.478026 6.637178
-1e-06 9.241323 6.581884
-1e-06 9.289193 6.896189
-1e-06 9.046169 6.961279
-1e-06 9.162855 6.749947
-1e-06 9.390018 6.805593
-1e-06 9.180801 6.2451
-1e-06 9.375122 6.304184
-1e-06 9.036985 6.865294
-1e-06 9.040421 6.961927
-1e-06 9.110944 6.526989
-1e-06 9.237941 6.574419
-1e-06 9.147245 6.753082
-1e-06 9.04997 6.715433
-1e-06 9.400738 6.288713
-1e-06 9.592667 6.482116
-1e-06 8.94259 5.853273
-0.0 9.690634 3.491362
-1e-06 7.679621 5.549337
-0.0 7.891327 2.262112
-1e-06 5.191199 5.174442
1e-06 5.960682 -1.203506
-0.0 2.714076 2.97456
-1e-06 3.75361 4.340859
1e-06 7.157305 0.448369
1e-06 3.662046 -2.32518
1e-06 2.026581 0.249331
2e-06 2.784066 -3.241993
1e-06 1.572623 -1.959918
3e-06 -0.829828 -6.608159
2e-06 -1.384954 -5.734715
3e-06 -1.371337 -6.756981
3e-06 -1.52971 -6.62215
2e-06 0.230072 -3.894583
2e-06 1.047508 -4.697833
2e-06 2.569081 -3.413704
1e-06 1.432758 -2.205345
0.0 7.632346 1.35524
-1e-06 4.399067 4.867495
-0.0 3.214633 3.654801
1e-06 6.524874 -0.443267
0.0 2.370329 1.611946
1e-06 4.811364 -1.764343
1e-06 1.799602 -0.855293
1e-06 3.223056 -2.783587
2e-06 1.808294 -4.055769
2e-06 0.831415 -3.049964
-1e-06 6.350308 5.489514
-0.0 8.79098 2.876737
-1e-06 10.680547 4.580353
-1e-06 8.496946 5.526842
-1e-06 10.568016 5.67626
-1e-06 8.815129 5.72446
-1e-06 10.669303 5.370601
-1e-06 8.751398 5.660053
1e-06 1.640262 -1.63074
2e-06 2.914885 -3.105388
-1.021245 6.573336 0.444548
-1.279207 6.980796 1.096857
-1.87661 7.07309 2.093998
-0.678465 6.333645 -0.258074
-0.367034 5.838707 -1.006222
-0.066824 4.56592 -3.12659
-0.264616 5.14935 -1.980433
-0.158579 3.651529 -4.855046
-0.65758 10.21665 5.17432
-0.786217 9.851452 5.089147
-0.834197 9.548903 5.212008
-0.798022 9.531099 5.394344
-0.598586 10.160397 5.576325
-0.618944 10.230583 5.350996
-0.719556 9.592453 5.557412
-0.622421 9.846348 5.653704
-0.672351 10.036242 5.215932
-0.62504 10.045053 5.534159
-0.674657 9.682348 5.515532
-0.731282 9.856045 5.157635
-0.779391 9.701136 5.234897
-0.75077 9.651222 5.360889
-0.62639 10.081228 5.342429
-0.617154 9.838808 5.620087
-0.285227 10.113173 3.843308
-0.12837 9.182142 6.025568
-0.329961 8.106499 5.393115
-0.158527 10.280873 5.932866
-0.122152 9.764328 6.156823
-0.229829 10.727602 5.081266
-0.15786 8.724945 5.497501
-0.04426 9.285755 6.881213
-0.180564 9.541001 6.001961
-0.074889 9.44964 6.623521
-0.098265 9.241323 6.581884
-0.03919 9.053314 6.950014
-0.064118 9.370329 6.797066
-0.078565 9.162855 6.749947
-0.107065 9.202246 6.2451
-0.129713 9.375122 6.304184
-0.039082 9.043492 6.852279
-0.039082 9.046928 6.948912
-0.077408 9.124079 6.531895
-0.098509 9.237941 6.574419
-0.053187 9.06003 6.719327
-0.077879 9.147245 6.753082
-0.098649 9.543308 6.472896
-0.134181 9.400738 6.288713
-0.14017 8.980332 5.817307
-0.28308 9.655376 3.505356
-0.35031 7.74876 5.43921
-0.296331 7.85623 2.277782
-0.608746 5.316785 5.121841
-0.409973 5.828612 -1.156731
-0.706049 2.751265 2.609721
-0.403184 7.134256 0.479977
-0.711827 3.809793 4.039158
-0.386986 3.619644 -2.30688
-0.498958 2.060984 0.126129
-0.404441 2.760033 -3.237685
-0.469497 1.620959 -2.029933
-0.37393 -0.705268 -6.538815
-0.467342 -1.273342 -5.72623
-0.547906 -1.254354 -6.667599
-0.562632 -1.409519 -6.514063
-0.305101 1.014987 -4.717425
-0.356304 0.232255 -3.952078
-0.293914 2.557317 -3.409454
-0.357377 1.464815 -2.245619
-0.630107 4.488283 4.676561
-0.341933 7.628298 1.375779
-0.420435 6.542477 -0.406153
-0.70813 3.27132 3.30937
-0.454488 4.733641 -1.730771
-0.629899 2.381588 1.368586
-0.367444 3.189839 -2.772282
-0.436106 1.826903 -0.939484
-0.356841 0.848535 -3.098848
-0.299508 1.786152 -4.06344
-0.289653 8.760242 2.890458
-0.53706 6.462289 5.389803
-0.281855 10.638725 4.590459
-0.309307 8.534231 5.428026
-0.141333 8.852295 5.657036
-0.186024 10.533847 5.684723
-0.154513 8.787912 5.576248
-0.207927 10.630724 5.382995
-0.349351 2.888115 -3.098995
-0.446586 1.663883 -1.686928
-1e-06 9.121084 6.964547
-0.040973 9.127251 6.951242
-0.13043 9.755607 6.182824
-0.254198 9.715641 6.173198
-1e-06 9.568766 6.500481
-1e-06 9.777411 6.220482
-0.292419 9.549545 6.158005
-0.277202 9.450554 6.298239
-0.102435 9.570045 6.463336
-0.24609 9.490303 6.359824
-0.327973 9.552309 6.073009
-0.273988 9.423818 6.295382
-0.189529 9.268263 6.586073
-0.079897 9.09046 6.938343
-1e-06 9.076956 6.962623
-0.152802 9.19097 6.755724
-0.621583 9.66708 5.793411
-0.039923 9.083699 6.950519
-0.489973 9.599083 5.90797
-0.668361 9.721401 5.619849
-0.63801 9.757251 5.563887
-0.950852 7.450615 5.019958
-0.851265 8.914504 3.336073
-1.196307 8.612939 3.511351
-0.0 9.241899 3.182485
-1e-06 7.012563 5.564031
-1.313348 7.893849 4.301029
-0.456299 7.104699 5.444653
-0.286979 9.208539 3.196941
-1e-06 5.765297 5.352995
-1.512769 7.226552 4.00343
-1.139601 6.186775 4.986439
-0.84365 8.115721 2.724883
-1.433364 7.747654 2.944219
0.004129 8.306068 2.594666
-0.284349 8.274398 2.606033
-0.582431 5.883928 5.280576
 5176
78 79 
79 81 
81 80 
80 78 
80 81 
81 83 
83 82 
82 80 
82 83 
83 85 
85 84 
84 82 
84 85 
85 87 
87 86 
86 84 
86 87 
87 89 
89 88 
88 86 
88 89 
89 91 
91 90 
90 88 
90 91 
91 93 
93 92 
92 90 
92 93 
93 95 
95 94 
94 92 
94 95 
95 97 
97 96 
96 94 
98 99 
99 79 
79 78 
78 98 
96 97 
97 99 
99 98 
98 96 
98 78 
78 100 
100 110 
110 98 
110 100 
100 111 
111 121 
121 110 
96 98 
98 110 
110 109 
109 96 
94 96 
96 109 
109 108 
108 94 
92 94 
94 108 
108 107 
107 92 
90 92 
92 107 
107 106 
106 90 
88 90 
90 106 
106 105 
105 88 
86 88 
88 105 
105 104 
104 86 
84 86 
86 104 
104 103 
103 84 
82 84 
84 103 
103 102 
102 82 
80 82 
82 102 
102 101 
101 80 
78 80 
80 101 
101 100 
100 78 
109 110 
110 121 
121 120 
120 109 
108 109 
109 120 
120 119 
119 108 
107 108 
108 119 
119 118 
118 107 
106 107 
107 118 
118 117 
117 106 
105 106 
106 117 
117 116 
116 105 
104 105 
105 116 
116 115 
115 104 
103 104 
104 115 
115 114 
114 103 
102 103 
103 114 
114 113 
113 102 
101 102 
102 113 
113 112 
112 101 
100 101 
101 112 
112 111 
111 100 
79 99 
99 132 
132 122 
122 79 
99 97 
97 131 
131 132 
132 99 
97 95 
95 130 
130 131 
131 97 
95 93 
93 129 
129 130 
130 95 
93 91 
91 128 
128 129 
129 93 
91 89 
89 127 
127 128 
128 91 
89 87 
87 126 
126 127 
127 89 
87 85 
85 125 
125 126 
126 87 
85 83 
83 124 
124 125 
125 85 
83 81 
81 123 
123 124 
124 83 
81 79 
79 122 
122 123 
123 81 
303 151 
151 152 
152 304 
304 303 
134 136 
136 138 
138 133 
133 134 
304 152 
152 153 
153 305 
305 304 
133 138 
138 140 
140 151 
151 133 
305 153 
153 154 
154 306 
306 305 
151 140 
140 142 
142 152 
152 151 
306 154 
154 155 
155 307 
307 306 
152 142 
142 144 
144 153 
153 152 
308 156 
156 134 
134 301 
301 308 
153 144 
144 146 
146 154 
154 153 
301 134 
134 133 
133 302 
302 301 
307 155 
155 156 
156 308 
308 307 
154 146 
146 148 
148 155 
155 154 
140 148 
148 146 
146 144 
144 142 
142 140 
156 150 
150 136 
136 134 
134 156 
155 148 
148 150 
150 156 
156 155 
302 133 
133 151 
151 303 
303 302 
319 175 
175 176 
176 320 
320 319 
158 160 
160 162 
162 157 
157 158 
320 176 
176 177 
177 321 
321 320 
157 162 
162 164 
164 175 
175 157 
321 177 
177 178 
178 322 
322 321 
175 164 
164 166 
166 176 
176 175 
322 178 
178 179 
179 323 
323 322 
176 166 
166 168 
168 177 
177 176 
324 180 
180 158 
158 317 
317 324 
177 168 
168 170 
170 178 
178 177 
317 158 
158 157 
157 318 
318 317 
323 179 
179 180 
180 324 
324 323 
178 170 
170 172 
172 179 
179 178 
164 172 
172 170 
170 168 
168 166 
166 164 
180 174 
174 160 
160 158 
158 180 
179 172 
172 174 
174 180 
180 179 
318 157 
157 175 
175 319 
319 318 
311 199 
199 200 
200 312 
312 311 
182 184 
184 186 
186 181 
181 182 
312 200 
200 201 
201 313 
313 312 
181 186 
186 188 
188 199 
199 181 
313 201 
201 202 
202 314 
314 313 
199 188 
188 190 
190 200 
200 199 
314 202 
202 203 
203 315 
315 314 
200 190 
190 192 
192 201 
201 200 
316 204 
204 182 
182 309 
309 316 
201 192 
192 194 
194 202 
202 201 
309 182 
182 181 
181 310 
310 309 
315 203 
203 204 
204 316 
316 315 
202 194 
194 196 
196 203 
203 202 
188 196 
196 194 
194 192 
192 190 
190 188 
204 198 
198 184 
184 182 
182 204 
203 196 
196 198 
198 204 
204 203 
310 181 
181 199 
199 311 
311 310 
295 223 
223 224 
224 296 
296 295 
206 208 
208 210 
210 205 
205 206 
296 224 
224 225 
225 297 
297 296 
205 210 
210 212 
212 223 
223 205 
297 225 
225 226 
226 298 
298 297 
223 212 
212 214 
214 224 
224 223 
298 226 
226 227 
227 299 
299 298 
224 214 
214 216 
216 225 
225 224 
300 228 
228 206 
206 293 
293 300 
225 216 
216 218 
218 226 
226 225 
293 206 
206 205 
205 294 
294 293 
299 227 
227 228 
228 300 
300 299 
226 218 
218 220 
220 227 
227 226 
212 220 
220 218 
218 216 
216 214 
214 212 
228 222 
222 208 
208 206 
206 228 
227 220 
220 222 
222 228 
228 227 
294 205 
205 223 
223 295 
295 294 
185 229 
229 230 
230 187 
187 185 
195 234 
234 236 
236 197 
197 195 
183 235 
235 229 
229 185 
185 183 
197 236 
236 235 
235 183 
183 197 
193 233 
233 234 
234 195 
195 193 
191 232 
232 233 
233 193 
193 191 
189 231 
231 232 
232 191 
191 189 
187 230 
230 231 
231 189 
189 187 
137 237 
237 238 
238 139 
139 137 
147 242 
242 244 
244 149 
149 147 
135 243 
243 237 
237 137 
137 135 
149 244 
244 243 
243 135 
135 149 
145 241 
241 242 
242 147 
147 145 
143 240 
240 241 
241 145 
145 143 
141 239 
239 240 
240 143 
143 141 
139 238 
238 239 
239 141 
141 139 
161 245 
245 246 
246 163 
163 161 
171 250 
250 252 
252 173 
173 171 
159 251 
251 245 
245 161 
161 159 
173 252 
252 251 
251 159 
159 173 
169 249 
249 250 
250 171 
171 169 
167 248 
248 249 
249 169 
169 167 
165 247 
247 248 
248 167 
167 165 
163 246 
246 247 
247 165 
165 163 
582 581 
581 263 
263 254 
254 582 
581 580 
580 262 
262 263 
263 581 
580 579 
579 261 
261 262 
262 580 
579 578 
578 260 
260 261 
261 579 
578 577 
577 259 
259 260 
260 578 
577 576 
576 258 
258 259 
259 577 
583 575 
575 257 
257 264 
264 583 
575 574 
574 256 
256 257 
257 575 
574 573 
573 255 
255 256 
256 574 
573 572 
572 253 
253 255 
255 573 
572 582 
582 254 
254 253 
253 572 
576 117 
117 583 
583 576 
137 259 
259 258 
258 135 
135 137 
135 258 
258 264 
264 149 
149 135 
137 139 
139 195 
195 197 
197 137 
139 141 
141 193 
193 195 
195 139 
147 149 
149 161 
161 163 
163 147 
145 147 
147 163 
163 165 
165 145 
187 189 
189 276 
276 273 
273 187 
261 271 
271 272 
272 262 
262 261 
268 269 
269 209 
209 211 
211 268 
270 268 
268 211 
211 213 
213 270 
274 275 
275 217 
217 219 
219 274 
272 274 
274 219 
219 221 
221 272 
265 267 
267 268 
268 270 
270 265 
267 266 
266 269 
269 268 
268 267 
275 274 
274 273 
273 276 
276 275 
274 272 
272 271 
271 273 
273 274 
185 187 
187 273 
273 271 
271 185 
171 173 
173 266 
266 267 
267 171 
169 171 
171 267 
267 265 
265 169 
255 269 
269 266 
266 256 
256 255 
173 159 
159 256 
256 266 
266 173 
161 257 
257 256 
256 159 
159 161 
257 161 
161 149 
149 264 
264 257 
183 261 
261 260 
260 197 
197 183 
260 259 
259 137 
137 197 
197 260 
185 271 
271 261 
261 183 
183 185 
207 254 
254 263 
263 221 
221 207 
209 253 
253 254 
254 207 
207 209 
253 209 
209 269 
269 255 
255 253 
262 272 
272 221 
221 263 
263 262 
278 275 
275 276 
276 285 
285 278 
270 278 
278 277 
277 265 
265 270 
217 275 
275 278 
278 215 
215 217 
215 278 
278 270 
270 213 
213 215 
141 143 
143 280 
280 279 
279 141 
167 265 
265 284 
284 165 
165 167 
193 141 
141 279 
279 282 
282 193 
145 283 
283 280 
280 143 
143 145 
165 284 
284 283 
283 145 
145 165 
265 167 
167 169 
169 265 
276 282 
282 285 
285 276 
277 278 
278 285 
285 277 
191 193 
193 282 
282 276 
276 191 
191 276 
276 189 
189 191 
285 282 
282 279 
279 285 
279 280 
280 277 
277 285 
285 279 
265 277 
277 283 
283 284 
284 265 
283 277 
277 280 
280 283 
209 281 
281 286 
286 211 
211 209 
219 290 
290 292 
292 221 
221 219 
207 291 
291 281 
281 209 
209 207 
221 292 
292 291 
291 207 
207 221 
217 289 
289 290 
290 219 
219 217 
215 288 
288 289 
289 217 
217 215 
213 287 
287 288 
288 215 
215 213 
211 286 
286 287 
287 213 
213 211 
281 294 
294 295 
295 286 
286 281 
290 299 
299 300 
300 292 
292 290 
291 293 
293 294 
294 281 
281 291 
292 300 
300 293 
293 291 
291 292 
289 298 
298 299 
299 290 
290 289 
288 297 
297 298 
298 289 
289 288 
287 296 
296 297 
297 288 
288 287 
286 295 
295 296 
296 287 
287 286 
237 302 
302 303 
303 238 
238 237 
242 307 
307 308 
308 244 
244 242 
243 301 
301 302 
302 237 
237 243 
244 308 
308 301 
301 243 
243 244 
241 306 
306 307 
307 242 
242 241 
240 305 
305 306 
306 241 
241 240 
239 304 
304 305 
305 240 
240 239 
238 303 
303 304 
304 239 
239 238 
229 310 
310 311 
311 230 
230 229 
234 315 
315 316 
316 236 
236 234 
235 309 
309 310 
310 229 
229 235 
236 316 
316 309 
309 235 
235 236 
233 314 
314 315 
315 234 
234 233 
232 313 
313 314 
314 233 
233 232 
231 312 
312 313 
313 232 
232 231 
230 311 
311 312 
312 231 
231 230 
245 318 
318 319 
319 246 
246 245 
250 323 
323 324 
324 252 
252 250 
251 317 
317 318 
318 245 
245 251 
252 324 
324 317 
317 251 
251 252 
249 322 
322 323 
323 250 
250 249 
248 321 
321 322 
322 249 
249 248 
247 320 
320 321 
321 248 
248 247 
246 319 
319 320 
320 247 
247 246 
325 327 
327 328 
328 326 
326 325 
327 329 
329 330 
330 328 
328 327 
329 331 
331 332 
332 330 
330 329 
331 333 
333 334 
334 332 
332 331 
333 335 
335 336 
336 334 
334 333 
335 337 
337 338 
338 336 
336 335 
337 339 
339 340 
340 338 
338 337 
339 341 
341 342 
342 340 
340 339 
341 343 
343 344 
344 342 
342 341 
345 325 
325 326 
326 346 
346 345 
343 345 
345 346 
346 344 
344 343 
345 357 
357 347 
347 325 
325 345 
357 368 
368 358 
358 347 
347 357 
343 356 
356 357 
357 345 
345 343 
341 355 
355 356 
356 343 
343 341 
339 354 
354 355 
355 341 
341 339 
337 353 
353 354 
354 339 
339 337 
335 352 
352 353 
353 337 
337 335 
333 351 
351 352 
352 335 
335 333 
331 350 
350 351 
351 333 
333 331 
329 349 
349 350 
350 331 
331 329 
327 348 
348 349 
349 329 
329 327 
325 347 
347 348 
348 327 
327 325 
356 367 
367 368 
368 357 
357 356 
355 366 
366 367 
367 356 
356 355 
354 365 
365 366 
366 355 
355 354 
353 364 
364 365 
365 354 
354 353 
352 363 
363 364 
364 353 
353 352 
351 362 
362 363 
363 352 
352 351 
350 361 
361 362 
362 351 
351 350 
349 360 
360 361 
361 350 
350 349 
348 359 
359 360 
360 349 
349 348 
347 358 
358 359 
359 348 
348 347 
326 369 
369 379 
379 346 
346 326 
346 379 
379 378 
378 344 
344 346 
344 378 
378 377 
377 342 
342 344 
342 377 
377 376 
376 340 
340 342 
340 376 
376 375 
375 338 
338 340 
338 375 
375 374 
374 336 
336 338 
336 374 
374 373 
373 334 
334 336 
334 373 
373 372 
372 332 
332 334 
332 372 
372 371 
371 330 
330 332 
330 371 
371 370 
370 328 
328 330 
328 370 
370 369 
369 326 
326 328 
550 551 
551 399 
399 398 
398 550 
381 380 
380 385 
385 383 
383 381 
551 552 
552 400 
400 399 
399 551 
380 398 
398 387 
387 385 
385 380 
552 553 
553 401 
401 400 
400 552 
398 399 
399 389 
389 387 
387 398 
553 554 
554 402 
402 401 
401 553 
399 400 
400 391 
391 389 
389 399 
555 548 
548 381 
381 403 
403 555 
400 401 
401 393 
393 391 
391 400 
548 549 
549 380 
380 381 
381 548 
554 555 
555 403 
403 402 
402 554 
401 402 
402 395 
395 393 
393 401 
387 389 
389 391 
391 393 
393 395 
395 387 
403 381 
381 383 
383 397 
397 403 
402 403 
403 397 
397 395 
395 402 
549 550 
550 398 
398 380 
380 549 
566 567 
567 423 
423 422 
422 566 
405 404 
404 409 
409 407 
407 405 
567 568 
568 424 
424 423 
423 567 
404 422 
422 411 
411 409 
409 404 
568 569 
569 425 
425 424 
424 568 
422 423 
423 413 
413 411 
411 422 
569 570 
570 426 
426 425 
425 569 
423 424 
424 415 
415 413 
413 423 
571 564 
564 405 
405 427 
427 571 
424 425 
425 417 
417 415 
415 424 
564 565 
565 404 
404 405 
405 564 
570 571 
571 427 
427 426 
426 570 
425 426 
426 419 
419 417 
417 425 
411 413 
413 415 
415 417 
417 419 
419 411 
427 405 
405 407 
407 421 
421 427 
426 427 
427 421 
421 419 
419 426 
565 566 
566 422 
422 404 
404 565 
558 559 
559 447 
447 446 
446 558 
429 428 
428 433 
433 431 
431 429 
559 560 
560 448 
448 447 
447 559 
428 446 
446 435 
435 433 
433 428 
560 561 
561 449 
449 448 
448 560 
446 447 
447 437 
437 435 
435 446 
561 562 
562 450 
450 449 
449 561 
447 448 
448 439 
439 437 
437 447 
563 556 
556 429 
429 451 
451 563 
448 449 
449 441 
441 439 
439 448 
556 557 
557 428 
428 429 
429 556 
562 563 
563 451 
451 450 
450 562 
449 450 
450 443 
443 441 
441 449 
435 437 
437 439 
439 441 
441 443 
443 435 
451 429 
429 431 
431 445 
445 451 
450 451 
451 445 
445 443 
443 450 
557 558 
558 446 
446 428 
428 557 
542 543 
543 471 
471 470 
470 542 
453 452 
452 457 
457 455 
455 453 
543 544 
544 472 
472 471 
471 543 
452 470 
470 459 
459 457 
457 452 
544 545 
545 473 
473 472 
472 544 
470 471 
471 461 
461 459 
459 470 
545 546 
546 474 
474 473 
473 545 
471 472 
472 463 
463 461 
461 471 
547 540 
540 453 
453 475 
475 547 
472 473 
473 465 
465 463 
463 472 
540 541 
541 452 
452 453 
453 540 
546 547 
547 475 
475 474 
474 546 
473 474 
474 467 
467 465 
465 473 
459 461 
461 463 
463 465 
465 467 
467 459 
475 453 
453 455 
455 469 
469 475 
474 475 
475 469 
469 467 
467 474 
541 542 
542 470 
470 452 
452 541 
432 434 
434 477 
477 476 
476 432 
442 444 
444 483 
483 481 
481 442 
430 432 
432 476 
476 482 
482 430 
444 430 
430 482 
482 483 
483 444 
440 442 
442 481 
481 480 
480 440 
438 440 
440 480 
480 479 
479 438 
436 438 
438 479 
479 478 
478 436 
434 436 
436 478 
478 477 
477 434 
384 386 
386 485 
485 484 
484 384 
394 396 
396 491 
491 489 
489 394 
382 384 
384 484 
484 490 
490 382 
396 382 
382 490 
490 491 
491 396 
392 394 
394 489 
489 488 
488 392 
390 392 
392 488 
488 487 
487 390 
388 390 
390 487 
487 486 
486 388 
386 388 
388 486 
486 485 
485 386 
408 410 
410 493 
493 492 
492 408 
418 420 
420 499 
499 497 
497 418 
406 408 
408 492 
492 498 
498 406 
420 406 
406 498 
498 499 
499 420 
416 418 
418 497 
497 496 
496 416 
414 416 
416 496 
496 495 
495 414 
412 414 
414 495 
495 494 
494 412 
410 412 
412 494 
494 493 
493 410 
594 501 
501 510 
510 593 
593 594 
593 510 
510 509 
509 592 
592 593 
592 509 
509 508 
508 591 
591 592 
591 508 
508 507 
507 590 
590 591 
590 507 
507 506 
506 589 
589 590 
589 506 
506 505 
505 588 
588 589 
595 511 
511 504 
504 587 
587 595 
587 504 
504 503 
503 586 
586 587 
586 503 
503 502 
502 585 
585 586 
585 502 
502 500 
500 584 
584 585 
584 500 
500 501 
501 594 
594 584 
588 595 
595 364 
364 588 
384 382 
382 505 
505 506 
506 384 
382 396 
396 511 
511 505 
505 382 
384 444 
444 442 
442 386 
386 384 
386 442 
442 440 
440 388 
388 386 
394 410 
410 408 
408 396 
396 394 
392 412 
412 410 
410 394 
394 392 
434 520 
520 523 
523 436 
436 434 
508 509 
509 519 
519 518 
518 508 
515 458 
458 456 
456 516 
516 515 
517 460 
460 458 
458 515 
515 517 
521 466 
466 464 
464 522 
522 521 
519 468 
468 466 
466 521 
521 519 
512 517 
517 515 
515 514 
514 512 
514 515 
515 516 
516 513 
513 514 
522 523 
523 520 
520 521 
521 522 
521 520 
520 518 
518 519 
519 521 
432 518 
518 520 
520 434 
434 432 
418 514 
514 513 
513 420 
420 418 
416 512 
512 514 
514 418 
418 416 
502 503 
503 513 
513 516 
516 502 
420 513 
513 503 
503 406 
406 420 
408 406 
406 503 
503 504 
504 408 
504 511 
511 396 
396 408 
408 504 
430 444 
444 507 
507 508 
508 430 
507 444 
444 384 
384 506 
506 507 
432 430 
430 508 
508 518 
518 432 
454 468 
468 510 
510 501 
501 454 
456 454 
454 501 
501 500 
500 456 
500 502 
502 516 
516 456 
456 500 
509 510 
510 468 
468 519 
519 509 
525 532 
532 523 
523 522 
522 525 
517 512 
512 524 
524 525 
525 517 
464 462 
462 525 
525 522 
522 464 
462 460 
460 517 
517 525 
525 462 
388 526 
526 527 
527 390 
390 388 
414 412 
412 531 
531 512 
512 414 
440 529 
529 526 
526 388 
388 440 
392 390 
390 527 
527 530 
530 392 
412 392 
392 530 
530 531 
531 412 
512 416 
416 414 
414 512 
523 532 
532 529 
529 523 
524 532 
532 525 
525 524 
438 523 
523 529 
529 440 
440 438 
438 436 
436 523 
523 438 
532 526 
526 529 
529 532 
526 532 
532 524 
524 527 
527 526 
512 531 
531 530 
530 524 
524 512 
530 527 
527 524 
524 530 
456 458 
458 533 
533 528 
528 456 
466 468 
468 539 
539 537 
537 466 
454 456 
456 528 
528 538 
538 454 
468 454 
454 538 
538 539 
539 468 
464 466 
466 537 
537 536 
536 464 
462 464 
464 536 
536 535 
535 462 
460 462 
462 535 
535 534 
534 460 
458 460 
460 534 
534 533 
533 458 
528 533 
533 542 
542 541 
541 528 
537 539 
539 547 
547 546 
546 537 
538 528 
528 541 
541 540 
540 538 
539 538 
538 540 
540 547 
547 539 
536 537 
537 546 
546 545 
545 536 
535 536 
536 545 
545 544 
544 535 
534 535 
535 544 
544 543 
543 534 
533 534 
534 543 
543 542 
542 533 
484 485 
485 550 
550 549 
549 484 
489 491 
491 555 
555 554 
554 489 
490 484 
484 549 
549 548 
548 490 
491 490 
490 548 
548 555 
555 491 
488 489 
489 554 
554 553 
553 488 
487 488 
488 553 
553 552 
552 487 
486 487 
487 552 
552 551 
551 486 
485 486 
486 551 
551 550 
550 485 
476 477 
477 558 
558 557 
557 476 
481 483 
483 563 
563 562 
562 481 
482 476 
476 557 
557 556 
556 482 
483 482 
482 556 
556 563 
563 483 
480 481 
481 562 
562 561 
561 480 
479 480 
480 561 
561 560 
560 479 
478 479 
479 560 
560 559 
559 478 
477 478 
478 559 
559 558 
558 477 
492 493 
493 566 
566 565 
565 492 
497 499 
499 571 
571 570 
570 497 
498 492 
492 565 
565 564 
564 498 
499 498 
498 564 
564 571 
571 499 
496 497 
497 570 
570 569 
569 496 
495 496 
496 569 
569 568 
568 495 
494 495 
495 568 
568 567 
567 494 
493 494 
494 567 
567 566 
566 493 
258 576 
576 583 
583 264 
264 258 
121 111 
111 582 
582 572 
572 121 
120 121 
121 572 
572 573 
573 120 
119 120 
120 573 
573 574 
574 119 
118 119 
119 574 
574 575 
575 118 
117 118 
118 575 
575 583 
583 117 
116 117 
117 576 
576 577 
577 116 
115 116 
116 577 
577 578 
578 115 
114 115 
115 578 
578 579 
579 114 
113 114 
114 579 
579 580 
580 113 
112 113 
113 580 
580 581 
581 112 
111 112 
112 581 
581 582 
582 111 
505 511 
511 595 
595 588 
588 505 
368 584 
584 594 
594 358 
358 368 
367 585 
585 584 
584 368 
368 367 
366 586 
586 585 
585 367 
367 366 
365 587 
587 586 
586 366 
366 365 
364 595 
595 587 
587 365 
365 364 
363 589 
589 588 
588 364 
364 363 
362 590 
590 589 
589 363 
363 362 
361 591 
591 590 
590 362 
362 361 
360 592 
592 591 
591 361 
361 360 
359 593 
593 592 
592 360 
360 359 
358 594 
594 593 
593 359 
359 358 
186 184 
184 198 
198 196 
196 188 
188 186 
138 136 
136 150 
150 148 
148 140 
140 138 
162 160 
160 174 
174 172 
172 164 
164 162 
210 208 
208 222 
222 220 
220 212 
212 210 
409 411 
411 419 
419 421 
421 407 
407 409 
385 387 
387 395 
395 397 
397 383 
383 385 
433 435 
435 443 
443 445 
445 431 
431 433 
457 459 
459 467 
467 469 
469 455 
455 457 
809 1090 
1090 1115 
1115 833 
833 809 
865 809 
809 596 
596 693 
693 865 
864 807 
807 1089 
1089 1146 
1146 864 
810 1091 
1091 1093 
1093 811 
811 810 
697 599 
599 626 
626 699 
699 697 
598 600 
600 631 
631 630 
630 598 
695 603 
603 706 
706 694 
694 695 
869 812 
812 1094 
1094 1150 
1150 869 
808 831 
831 628 
628 597 
597 808 
696 609 
609 604 
604 693 
693 696 
694 706 
706 609 
609 696 
696 694 
884 886 
886 627 
627 700 
700 884 
600 606 
606 633 
633 631 
631 600 
885 1257 
1257 1100 
1100 818 
818 885 
829 1247 
1247 1097 
1097 816 
816 829 
883 614 
614 612 
612 882 
882 883 
819 1102 
1102 1099 
1099 814 
814 819 
816 1097 
1097 1102 
1102 819 
819 816 
881 610 
610 614 
614 883 
883 881 
808 597 
597 616 
616 821 
821 808 
597 607 
607 617 
617 616 
616 597 
824 1106 
1106 1105 
1105 823 
823 824 
827 622 
622 618 
618 823 
823 827 
622 623 
623 619 
619 618 
618 622 
616 617 
617 620 
620 621 
621 616 
821 616 
616 621 
621 825 
825 821 
621 620 
620 623 
623 622 
622 621 
825 621 
621 622 
622 827 
827 825 
873 1248 
1248 1112 
1112 877 
877 873 
875 874 
874 878 
878 876 
876 875 
626 599 
599 601 
601 626 
868 813 
813 604 
604 701 
701 868 
887 798 
798 699 
699 884 
884 887 
627 607 
607 597 
597 628 
628 627 
700 627 
627 628 
628 698 
698 700 
901 1272 
1272 1117 
1117 835 
835 901 
897 898 
898 635 
635 602 
602 897 
898 895 
895 636 
636 635 
635 898 
606 596 
596 629 
629 633 
633 606 
807 598 
598 630 
630 832 
832 807 
855 1136 
1136 1119 
1119 837 
837 855 
673 674 
674 637 
637 634 
634 673 
674 671 
671 639 
639 637 
637 674 
895 896 
896 608 
608 636 
636 895 
900 897 
897 602 
602 834 
834 900 
857 1138 
1138 1123 
1123 841 
841 857 
676 677 
677 647 
647 646 
646 676 
677 678 
678 648 
648 647 
647 677 
671 672 
672 632 
632 639 
639 671 
854 673 
673 634 
634 836 
836 854 
853 668 
668 642 
642 838 
838 853 
670 667 
667 641 
641 644 
644 670 
669 670 
670 644 
644 643 
643 669 
668 669 
669 643 
643 642 
642 668 
852 1135 
1135 1120 
1120 839 
839 852 
871 1152 
1152 1125 
1125 843 
843 871 
715 716 
716 649 
649 638 
638 715 
716 713 
713 650 
650 649 
649 716 
678 675 
675 645 
645 648 
648 678 
856 676 
676 646 
646 840 
840 856 
849 1130 
1130 1127 
1127 845 
845 849 
656 657 
657 653 
653 665 
665 656 
657 658 
658 654 
654 653 
653 657 
713 714 
714 640 
640 650 
650 713 
870 715 
715 638 
638 842 
842 870 
847 663 
663 664 
664 845 
845 847 
844 651 
651 666 
666 846 
846 844 
846 666 
666 663 
663 847 
847 846 
658 655 
655 652 
652 654 
654 658 
848 662 
662 651 
651 844 
844 848 
861 688 
688 662 
662 848 
848 861 
686 683 
683 655 
655 658 
658 686 
685 686 
686 658 
658 657 
657 685 
684 685 
685 657 
657 656 
656 684 
860 1143 
1143 1130 
1130 849 
849 860 
850 1132 
1132 1124 
1124 842 
842 850 
851 660 
660 640 
640 843 
843 851 
687 661 
661 655 
655 683 
683 687 
688 659 
659 638 
638 684 
684 688 
664 663 
663 654 
654 652 
652 664 
666 651 
651 665 
665 653 
653 666 
663 666 
666 653 
653 654 
654 663 
661 664 
664 652 
652 655 
655 661 
651 662 
662 656 
656 665 
665 651 
835 1117 
1117 1135 
1135 852 
852 835 
602 635 
635 669 
669 668 
668 602 
834 602 
602 668 
668 853 
853 834 
838 642 
642 673 
673 854 
854 838 
644 641 
641 672 
672 671 
671 644 
643 644 
644 671 
671 674 
674 643 
642 643 
643 674 
674 673 
673 642 
839 1120 
1120 1136 
1136 855 
855 839 
836 634 
634 676 
676 856 
856 836 
639 632 
632 675 
675 678 
678 639 
637 639 
639 678 
678 677 
677 637 
634 637 
637 677 
677 676 
676 634 
837 1119 
1119 1138 
1138 857 
857 837 
840 646 
646 680 
680 858 
858 840 
648 645 
645 679 
679 682 
682 648 
647 648 
648 682 
682 681 
681 647 
646 647 
647 681 
681 680 
680 646 
841 1123 
1123 1140 
1140 859 
859 841 
662 688 
688 684 
684 656 
656 662 
660 687 
687 683 
683 640 
640 660 
851 1133 
1133 1143 
1143 860 
860 851 
638 649 
649 685 
685 684 
684 638 
649 650 
650 686 
686 685 
685 649 
650 640 
640 683 
683 686 
686 650 
850 659 
659 688 
688 861 
861 850 
894 890 
890 690 
690 862 
862 894 
892 889 
889 689 
689 692 
692 892 
891 892 
892 692 
692 691 
691 891 
890 891 
891 691 
691 690 
690 890 
893 1268 
1268 1144 
1144 863 
863 893 
600 694 
694 696 
696 606 
606 600 
606 696 
696 693 
693 596 
596 606 
598 695 
695 694 
694 600 
600 598 
812 864 
864 1146 
1146 1094 
1094 812 
813 865 
865 693 
693 604 
604 813 
703 700 
700 698 
698 701 
701 703 
831 866 
866 698 
698 628 
628 831 
702 711 
711 712 
712 708 
708 702 
810 867 
867 1148 
1148 1091 
1091 810 
709 710 
710 711 
711 702 
702 709 
705 709 
709 702 
702 605 
605 705 
605 702 
702 708 
708 707 
707 605 
609 703 
703 701 
701 604 
604 609 
866 868 
868 701 
701 698 
698 866 
867 869 
869 1150 
1150 1148 
1148 867 
791 792 
792 706 
706 603 
603 791 
792 793 
793 609 
609 706 
706 792 
793 794 
794 703 
703 609 
609 793 
795 796 
796 704 
704 697 
697 795 
797 887 
887 884 
884 700 
700 797 
798 795 
795 697 
697 699 
699 798 
794 797 
797 700 
700 703 
703 794 
796 791 
791 603 
603 704 
704 796 
858 680 
680 715 
715 870 
870 858 
682 679 
679 714 
714 713 
713 682 
681 682 
682 713 
713 716 
716 681 
680 681 
681 716 
716 715 
715 680 
859 1140 
1140 1152 
1152 871 
871 859 
735 736 
736 723 
723 720 
720 735 
761 733 
733 724 
724 758 
758 761 
733 734 
734 719 
719 724 
724 733 
732 729 
729 725 
725 728 
728 732 
760 732 
732 728 
728 759 
759 760 
730 731 
731 727 
727 726 
726 730 
717 721 
721 731 
731 730 
730 717 
757 722 
722 732 
732 760 
760 757 
718 729 
729 732 
732 718 
728 725 
725 734 
734 733 
733 728 
759 728 
728 733 
733 761 
761 759 
726 727 
727 736 
736 735 
735 726 
764 746 
746 740 
740 762 
762 764 
747 745 
745 739 
739 738 
738 747 
746 748 
748 737 
737 740 
740 746 
762 740 
740 744 
744 763 
763 762 
738 739 
739 743 
743 742 
742 738 
740 737 
737 741 
741 744 
744 740 
724 719 
719 748 
748 746 
746 724 
720 723 
723 745 
745 747 
747 720 
758 724 
724 746 
746 764 
764 758 
776 754 
754 752 
752 765 
765 776 
755 753 
753 751 
751 750 
750 755 
754 756 
756 749 
749 752 
752 754 
775 756 
756 741 
741 767 
767 775 
767 741 
741 737 
737 768 
768 767 
769 787 
787 789 
789 768 
768 769 
769 748 
748 719 
719 770 
770 769 
771 783 
783 786 
786 770 
770 771 
772 784 
784 783 
783 771 
771 772 
773 785 
785 784 
784 772 
772 773 
766 749 
749 756 
756 775 
775 766 
744 741 
741 756 
756 754 
754 744 
742 743 
743 753 
753 755 
755 742 
763 744 
744 754 
754 776 
776 763 
765 766 
766 750 
750 751 
751 765 
779 773 
773 729 
729 782 
782 779 
777 718 
718 774 
774 777 
752 749 
749 766 
766 765 
765 752 
743 763 
763 776 
776 753 
753 743 
729 773 
773 772 
772 725 
725 729 
725 772 
772 771 
771 734 
734 725 
734 771 
771 770 
770 719 
719 734 
787 769 
769 770 
770 786 
786 787 
748 769 
769 768 
768 737 
737 748 
788 767 
767 768 
768 789 
789 788 
790 775 
775 767 
767 788 
788 790 
753 776 
776 765 
765 751 
751 753 
723 758 
758 764 
764 745 
745 723 
739 762 
762 763 
763 743 
743 739 
745 764 
764 762 
762 739 
739 745 
727 759 
759 761 
761 736 
736 727 
721 757 
757 760 
760 731 
731 721 
731 760 
760 759 
759 727 
727 731 
736 761 
761 758 
758 723 
723 736 
780 785 
785 773 
773 779 
779 780 
781 717 
717 730 
730 780 
780 781 
608 667 
667 782 
782 777 
777 608 
757 721 
721 717 
717 774 
774 757 
722 757 
757 774 
774 718 
718 722 
635 636 
636 778 
778 781 
781 635 
777 782 
782 729 
729 718 
718 777 
781 778 
778 774 
774 717 
717 781 
635 781 
781 780 
780 669 
669 635 
669 780 
780 779 
779 670 
670 669 
636 608 
608 777 
777 778 
778 636 
670 779 
779 782 
782 667 
667 670 
722 718 
718 732 
732 722 
778 777 
777 774 
774 778 
784 726 
726 735 
735 783 
783 784 
785 730 
730 726 
726 784 
784 785 
783 735 
735 720 
720 786 
786 783 
786 720 
720 747 
747 787 
787 786 
789 738 
738 742 
742 788 
788 789 
787 747 
747 738 
738 789 
789 787 
788 742 
742 755 
755 790 
790 788 
750 766 
766 790 
790 750 
780 730 
730 785 
785 780 
766 775 
775 790 
790 766 
790 755 
755 750 
750 790 
805 799 
799 791 
791 796 
796 805 
804 801 
801 797 
797 794 
794 804 
806 800 
800 795 
795 798 
798 806 
801 888 
888 887 
887 797 
797 801 
800 805 
805 796 
796 795 
795 800 
803 804 
804 794 
794 793 
793 803 
802 803 
803 793 
793 792 
792 802 
799 802 
802 792 
792 791 
791 799 
705 605 
605 802 
802 799 
799 705 
605 707 
707 803 
803 802 
802 605 
707 708 
708 804 
804 803 
803 707 
710 709 
709 805 
805 800 
800 710 
711 806 
806 888 
888 711 
711 710 
710 800 
800 806 
806 711 
708 712 
712 801 
801 804 
804 708 
709 705 
705 799 
799 805 
805 709 
679 859 
859 871 
871 714 
714 679 
1141 858 
858 870 
870 1153 
1153 1141 
697 704 
704 869 
869 867 
867 697 
1149 1151 
1151 868 
868 866 
866 1149 
599 697 
697 867 
867 810 
810 599 
1113 1149 
1149 866 
866 831 
831 1113 
1095 1147 
1147 865 
865 813 
813 1095 
603 695 
695 864 
864 812 
812 603 
889 893 
893 863 
863 689 
689 889 
1267 894 
894 862 
862 1145 
1145 1267 
1132 850 
850 861 
861 1142 
1142 1132 
660 851 
851 860 
860 687 
687 660 
645 841 
841 859 
859 679 
679 645 
1122 840 
840 858 
858 1141 
1141 1122 
632 837 
837 857 
857 675 
675 632 
1118 836 
836 856 
856 1139 
1139 1118 
641 839 
839 855 
855 672 
672 641 
1121 838 
838 854 
854 1137 
1137 1121 
1116 834 
834 853 
853 1134 
1134 1116 
608 835 
835 852 
852 667 
667 608 
1133 851 
851 843 
843 1125 
1125 1133 
659 850 
850 842 
842 638 
638 659 
687 860 
860 849 
849 661 
661 687 
1142 861 
861 848 
848 1131 
1131 1142 
1131 848 
848 844 
844 1126 
1126 1131 
1128 846 
846 847 
847 1129 
1129 1128 
1126 844 
844 846 
846 1128 
1128 1126 
1129 847 
847 845 
845 1127 
1127 1129 
1153 870 
870 842 
842 1124 
1124 1153 
661 849 
849 845 
845 664 
664 661 
1139 856 
856 840 
840 1122 
1122 1139 
714 871 
871 843 
843 640 
640 714 
667 852 
852 839 
839 641 
641 667 
1134 853 
853 838 
838 1121 
1121 1134 
1137 854 
854 836 
836 1118 
1118 1137 
675 857 
857 841 
841 645 
645 675 
899 900 
900 834 
834 1116 
1116 899 
672 855 
855 837 
837 632 
632 672 
1089 807 
807 832 
832 1114 
1114 1089 
896 901 
901 835 
835 608 
608 896 
1151 1095 
1095 813 
813 868 
868 1151 
874 873 
873 877 
877 878 
878 874 
1107 825 
825 827 
827 1110 
1110 1107 
1103 821 
821 825 
825 1107 
1107 1103 
1110 827 
827 823 
823 1105 
1105 1110 
619 824 
824 823 
823 618 
618 619 
1092 808 
808 821 
821 1103 
1103 1092 
610 816 
816 819 
819 614 
614 610 
614 819 
819 814 
814 612 
612 614 
625 829 
829 816 
816 610 
610 625 
882 612 
612 872 
872 885 
885 882 
1092 1113 
1113 831 
831 808 
808 1092 
704 603 
603 812 
812 869 
869 704 
599 810 
810 811 
811 601 
601 599 
695 598 
598 807 
807 864 
864 695 
1147 1090 
1090 809 
809 865 
865 1147 
596 809 
809 833 
833 629 
629 596 
814 1099 
1099 1243 
1243 872 
872 814 
612 814 
814 872 
872 612 
873 874 
874 601 
601 811 
811 873 
875 876 
876 880 
880 879 
879 875 
878 877 
877 829 
829 625 
625 878 
876 878 
878 625 
625 880 
880 876 
874 875 
875 879 
879 601 
601 874 
1248 873 
873 811 
811 1093 
1093 1248 
877 1112 
1112 1247 
1247 829 
829 877 
880 624 
624 607 
607 879 
879 880 
888 806 
806 798 
798 887 
887 888 
699 626 
626 886 
886 884 
884 699 
613 882 
882 885 
885 818 
818 613 
611 881 
881 883 
883 615 
615 611 
615 883 
883 882 
882 613 
613 615 
607 627 
627 886 
886 879 
879 607 
872 1243 
1243 1257 
1257 885 
885 872 
880 625 
625 610 
610 881 
881 880 
624 880 
880 881 
881 611 
611 624 
879 886 
886 626 
626 601 
601 879 
1114 832 
832 894 
894 1267 
1267 1114 
629 833 
833 893 
893 889 
889 629 
833 1115 
1115 1268 
1268 893 
893 833 
630 631 
631 891 
891 890 
890 630 
631 633 
633 892 
892 891 
891 631 
633 629 
629 889 
889 892 
892 633 
832 630 
630 890 
890 894 
894 832 
689 863 
863 901 
901 896 
896 689 
1145 862 
862 900 
900 899 
899 1145 
862 690 
690 897 
897 900 
900 862 
692 689 
689 896 
896 895 
895 692 
691 692 
692 895 
895 898 
898 691 
690 691 
691 898 
898 897 
897 690 
863 1144 
1144 1272 
1272 901 
901 863 
712 711 
711 888 
888 712 
801 712 
712 888 
888 801 
1180 1204 
1204 1115 
1115 1090 
1090 1180 
1236 999 
999 902 
902 1180 
1180 1236 
1235 1146 
1146 1089 
1089 1178 
1178 1235 
1181 1182 
1182 1093 
1093 1091 
1091 1181 
1003 1005 
1005 932 
932 905 
905 1003 
904 936 
936 937 
937 906 
906 904 
1001 1000 
1000 1012 
1012 909 
909 1001 
1240 1150 
1150 1094 
1094 1183 
1183 1240 
1179 903 
903 934 
934 1202 
1202 1179 
1002 999 
999 910 
910 915 
915 1002 
1000 1002 
1002 915 
915 1012 
1012 1000 
1259 1006 
1006 933 
933 1261 
1261 1259 
906 937 
937 939 
939 912 
912 906 
1260 1189 
1189 1100 
1100 1257 
1257 1260 
1200 1187 
1187 1097 
1097 1247 
1247 1200 
1258 1256 
1256 918 
918 920 
920 1258 
1190 1185 
1185 1099 
1099 1102 
1102 1190 
1187 1190 
1190 1102 
1102 1097 
1097 1187 
1255 1258 
1258 920 
920 916 
916 1255 
1179 1192 
1192 922 
922 903 
903 1179 
903 922 
922 923 
923 913 
913 903 
1195 1194 
1194 1105 
1105 1106 
1106 1195 
1198 1194 
1194 924 
924 928 
928 1198 
928 924 
924 925 
925 929 
929 928 
922 927 
927 926 
926 923 
923 922 
1192 1196 
1196 927 
927 922 
922 1192 
927 928 
928 929 
929 926 
926 927 
1196 1198 
1198 928 
928 927 
927 1196 
1245 1251 
1251 1112 
1112 1248 
1248 1245 
1249 1250 
1250 1252 
1252 1246 
1246 1249 
932 907 
907 905 
905 932 
1239 1007 
1007 910 
910 1184 
1184 1239 
1262 1259 
1259 1005 
1005 1169 
1169 1262 
933 934 
934 903 
903 913 
913 933 
1006 1004 
1004 934 
934 933 
933 1006 
1279 1206 
1206 1117 
1117 1272 
1272 1279 
1275 908 
908 941 
941 1276 
1276 1275 
1276 941 
941 942 
942 1273 
1273 1276 
912 939 
939 935 
935 902 
902 912 
1178 1203 
1203 936 
936 904 
904 1178 
1226 1208 
1208 1119 
1119 1136 
1136 1226 
979 940 
940 943 
943 980 
980 979 
980 943 
943 945 
945 977 
977 980 
1273 942 
942 914 
914 1274 
1274 1273 
1278 1205 
1205 908 
908 1275 
1275 1278 
1228 1212 
1212 1123 
1123 1138 
1138 1228 
982 952 
952 953 
953 983 
983 982 
983 953 
953 954 
954 984 
984 983 
977 945 
945 938 
938 978 
978 977 
1225 1207 
1207 940 
940 979 
979 1225 
1224 1209 
1209 948 
948 974 
974 1224 
976 950 
950 947 
947 973 
973 976 
975 949 
949 950 
950 976 
976 975 
974 948 
948 949 
949 975 
975 974 
1223 1210 
1210 1120 
1120 1135 
1135 1223 
1242 1214 
1214 1125 
1125 1152 
1152 1242 
1021 944 
944 955 
955 1022 
1022 1021 
1022 955 
955 956 
956 1019 
1019 1022 
984 954 
954 951 
951 981 
981 984 
1227 1211 
1211 952 
952 982 
982 1227 
1220 1216 
1216 1127 
1127 1130 
1130 1220 
962 971 
971 959 
959 963 
963 962 
963 959 
959 960 
960 964 
964 963 
1019 956 
956 946 
946 1020 
1020 1019 
1241 1213 
1213 944 
944 1021 
1021 1241 
1218 1216 
1216 970 
970 969 
969 1218 
1215 1217 
1217 972 
972 957 
957 1215 
1217 1218 
1218 969 
969 972 
972 1217 
964 960 
960 958 
958 961 
961 964 
1219 1215 
1215 957 
957 968 
968 1219 
1232 1219 
1219 968 
968 994 
994 1232 
992 964 
964 961 
961 989 
989 992 
991 963 
963 964 
964 992 
992 991 
990 962 
962 963 
963 991 
991 990 
1231 1220 
1220 1130 
1130 1143 
1143 1231 
1221 1213 
1213 1124 
1124 1132 
1132 1221 
1222 1214 
1214 946 
946 966 
966 1222 
993 989 
989 961 
961 967 
967 993 
994 990 
990 944 
944 965 
965 994 
970 958 
958 960 
960 969 
969 970 
972 959 
959 971 
971 957 
957 972 
969 960 
960 959 
959 972 
972 969 
967 961 
961 958 
958 970 
970 967 
957 971 
971 962 
962 968 
968 957 
1206 1223 
1223 1135 
1135 1117 
1117 1206 
908 974 
974 975 
975 941 
941 908 
1205 1224 
1224 974 
974 908 
908 1205 
1209 1225 
1225 979 
979 948 
948 1209 
950 977 
977 978 
978 947 
947 950 
949 980 
980 977 
977 950 
950 949 
948 979 
979 980 
980 949 
949 948 
1210 1226 
1226 1136 
1136 1120 
1120 1210 
1207 1227 
1227 982 
982 940 
940 1207 
945 984 
984 981 
981 938 
938 945 
943 983 
983 984 
984 945 
945 943 
940 982 
982 983 
983 943 
943 940 
1208 1228 
1228 1138 
1138 1119 
1119 1208 
1211 1229 
1229 986 
986 952 
952 1211 
954 988 
988 985 
985 951 
951 954 
953 987 
987 988 
988 954 
954 953 
952 986 
986 987 
987 953 
953 952 
1212 1230 
1230 1140 
1140 1123 
1123 1212 
968 962 
962 990 
990 994 
994 968 
966 946 
946 989 
989 993 
993 966 
1222 1231 
1231 1143 
1143 1133 
1133 1222 
944 990 
990 991 
991 955 
955 944 
955 991 
991 992 
992 956 
956 955 
956 992 
992 989 
989 946 
946 956 
1221 1232 
1232 994 
994 965 
965 1221 
1271 1233 
1233 996 
996 1265 
1265 1271 
1269 998 
998 995 
995 1264 
1264 1269 
1266 997 
997 998 
998 1269 
1269 1266 
1265 996 
996 997 
997 1266 
1266 1265 
1270 1234 
1234 1144 
1144 1268 
1268 1270 
906 912 
912 1002 
1002 1000 
1000 906 
912 902 
902 999 
999 1002 
1002 912 
904 906 
906 1000 
1000 1001 
1001 904 
1183 1094 
1094 1146 
1146 1235 
1235 1183 
1184 910 
910 999 
999 1236 
1236 1184 
1009 1007 
1007 1004 
1004 1006 
1006 1009 
1202 934 
934 1004 
1004 1237 
1237 1202 
1008 1014 
1014 1018 
1018 1017 
1017 1008 
1181 1091 
1091 1148 
1148 1238 
1238 1181 
1015 1008 
1008 1017 
1017 1016 
1016 1015 
1011 911 
911 1008 
1008 1015 
1015 1011 
911 1013 
1013 1014 
1014 1008 
1008 911 
915 910 
910 1007 
1007 1009 
1009 915 
1237 1004 
1004 1007 
1007 1239 
1239 1237 
1238 1148 
1148 1150 
1150 1240 
1240 1238 
1162 909 
909 1012 
1012 1163 
1163 1162 
1163 1012 
1012 915 
915 1164 
1164 1163 
1164 915 
915 1009 
1009 1165 
1165 1164 
1166 1003 
1003 1010 
1010 1167 
1167 1166 
1168 1006 
1006 1259 
1259 1262 
1262 1168 
1169 1005 
1005 1003 
1003 1166 
1166 1169 
1165 1009 
1009 1006 
1006 1168 
1168 1165 
1167 1010 
1010 909 
909 1162 
1162 1167 
1229 1241 
1241 1021 
1021 986 
986 1229 
988 1019 
1019 1020 
1020 985 
985 988 
987 1022 
1022 1019 
1019 988 
988 987 
986 1021 
1021 1022 
1022 987 
987 986 
1230 1242 
1242 1152 
1152 1140 
1140 1230 
1041 1026 
1026 1029 
1029 1042 
1042 1041 
1067 1064 
1064 1030 
1030 1039 
1039 1067 
1039 1030 
1030 1025 
1025 1040 
1040 1039 
1038 1034 
1034 1031 
1031 1035 
1035 1038 
1066 1065 
1065 1034 
1034 1038 
1038 1066 
1036 1032 
1032 1033 
1033 1037 
1037 1036 
1023 1036 
1036 1037 
1037 1027 
1027 1023 
1063 1066 
1066 1038 
1038 1028 
1028 1063 
1024 1038 
1038 1035 
1035 1024 
1034 1039 
1039 1040 
1040 1031 
1031 1034 
1065 1067 
1067 1039 
1039 1034 
1034 1065 
1032 1041 
1041 1042 
1042 1033 
1033 1032 
1070 1068 
1068 1046 
1046 1052 
1052 1070 
1053 1044 
1044 1045 
1045 1051 
1051 1053 
1052 1046 
1046 1043 
1043 1054 
1054 1052 
1068 1069 
1069 1050 
1050 1046 
1046 1068 
1044 1048 
1048 1049 
1049 1045 
1045 1044 
1046 1050 
1050 1047 
1047 1043 
1043 1046 
1030 1052 
1052 1054 
1054 1025 
1025 1030 
1026 1053 
1053 1051 
1051 1029 
1029 1026 
1064 1070 
1070 1052 
1052 1030 
1030 1064 
1082 1071 
1071 1058 
1058 1060 
1060 1082 
1061 1056 
1056 1057 
1057 1059 
1059 1061 
1060 1058 
1058 1055 
1055 1062 
1062 1060 
1081 1073 
1073 1047 
1047 1062 
1062 1081 
1073 1074 
1074 1043 
1043 1047 
1047 1073 
1075 1074 
1074 1160 
1160 1158 
1158 1075 
1075 1076 
1076 1025 
1025 1054 
1054 1075 
1077 1076 
1076 1157 
1157 1154 
1154 1077 
1078 1077 
1077 1154 
1154 1155 
1155 1078 
1079 1078 
1078 1155 
1155 1156 
1156 1079 
1072 1081 
1081 1062 
1062 1055 
1055 1072 
1050 1060 
1060 1062 
1062 1047 
1047 1050 
1048 1061 
1061 1059 
1059 1049 
1049 1048 
1069 1082 
1082 1060 
1060 1050 
1050 1069 
1071 1057 
1057 1056 
1056 1072 
1072 1071 
1085 1088 
1088 1035 
1035 1079 
1079 1085 
1083 1080 
1080 1024 
1024 1083 
1058 1071 
1071 1072 
1072 1055 
1055 1058 
1049 1059 
1059 1082 
1082 1069 
1069 1049 
1035 1031 
1031 1078 
1078 1079 
1079 1035 
1031 1040 
1040 1077 
1077 1078 
1078 1031 
1040 1025 
1025 1076 
1076 1077 
1077 1040 
1158 1157 
1157 1076 
1076 1075 
1075 1158 
1054 1043 
1043 1074 
1074 1075 
1075 1054 
1159 1160 
1160 1074 
1074 1073 
1073 1159 
1161 1159 
1159 1073 
1073 1081 
1081 1161 
1059 1057 
1057 1071 
1071 1082 
1082 1059 
1029 1051 
1051 1070 
1070 1064 
1064 1029 
1045 1049 
1049 1069 
1069 1068 
1068 1045 
1051 1045 
1045 1068 
1068 1070 
1070 1051 
1033 1042 
1042 1067 
1067 1065 
1065 1033 
1027 1037 
1037 1066 
1066 1063 
1063 1027 
1037 1033 
1033 1065 
1065 1066 
1066 1037 
1042 1029 
1029 1064 
1064 1067 
1067 1042 
1086 1085 
1085 1079 
1079 1156 
1156 1086 
1087 1086 
1086 1036 
1036 1023 
1023 1087 
914 1083 
1083 1088 
1088 973 
973 914 
1063 1080 
1080 1023 
1023 1027 
1027 1063 
1028 1024 
1024 1080 
1080 1063 
1063 1028 
941 1087 
1087 1084 
1084 942 
942 941 
1083 1024 
1024 1035 
1035 1088 
1088 1083 
1087 1023 
1023 1080 
1080 1084 
1084 1087 
941 975 
975 1086 
1086 1087 
1087 941 
975 976 
976 1085 
1085 1086 
1086 975 
942 1084 
1084 1083 
1083 914 
914 942 
976 973 
973 1088 
1088 1085 
1085 976 
1028 1038 
1038 1024 
1024 1028 
1084 1080 
1080 1083 
1083 1084 
1155 1154 
1154 1041 
1041 1032 
1032 1155 
1156 1155 
1155 1032 
1032 1036 
1036 1156 
1154 1157 
1157 1026 
1026 1041 
1041 1154 
1157 1158 
1158 1053 
1053 1026 
1026 1157 
1160 1159 
1159 1048 
1048 1044 
1044 1160 
1158 1160 
1160 1044 
1044 1053 
1053 1158 
1159 1161 
1161 1061 
1061 1048 
1048 1159 
1056 1161 
1161 1072 
1072 1056 
1086 1156 
1156 1036 
1036 1086 
1072 1161 
1161 1081 
1081 1072 
1161 1056 
1056 1061 
1061 1161 
1176 1167 
1167 1162 
1162 1170 
1170 1176 
1175 1165 
1165 1168 
1168 1172 
1172 1175 
1177 1169 
1169 1166 
1166 1171 
1171 1177 
1172 1168 
1168 1262 
1262 1263 
1263 1172 
1171 1166 
1166 1167 
1167 1176 
1176 1171 
1174 1164 
1164 1165 
1165 1175 
1175 1174 
1173 1163 
1163 1164 
1164 1174 
1174 1173 
1170 1162 
1162 1163 
1163 1173 
1173 1170 
1011 1170 
1170 1173 
1173 911 
911 1011 
911 1173 
1173 1174 
1174 1013 
1013 911 
1013 1174 
1174 1175 
1175 1014 
1014 1013 
1016 1171 
1171 1176 
1176 1015 
1015 1016 
1017 1263 
1263 1177 
1177 1017 
1017 1177 
1177 1171 
1171 1016 
1016 1017 
1014 1175 
1175 1172 
1172 1018 
1018 1014 
1015 1176 
1176 1170 
1170 1011 
1011 1015 
985 1020 
1020 1242 
1242 1230 
1230 985 
1141 1153 
1153 1241 
1241 1229 
1229 1141 
1003 1238 
1238 1240 
1240 1010 
1010 1003 
1149 1237 
1237 1239 
1239 1151 
1151 1149 
905 1181 
1181 1238 
1238 1003 
1003 905 
1113 1202 
1202 1237 
1237 1149 
1149 1113 
1095 1184 
1184 1236 
1236 1147 
1147 1095 
909 1183 
1183 1235 
1235 1001 
1001 909 
1264 995 
995 1234 
1234 1270 
1270 1264 
1267 1145 
1145 1233 
1233 1271 
1271 1267 
1132 1142 
1142 1232 
1232 1221 
1221 1132 
966 993 
993 1231 
1231 1222 
1222 966 
951 985 
985 1230 
1230 1212 
1212 951 
1122 1141 
1141 1229 
1229 1211 
1211 1122 
938 981 
981 1228 
1228 1208 
1208 938 
1118 1139 
1139 1227 
1227 1207 
1207 1118 
947 978 
978 1226 
1226 1210 
1210 947 
1121 1137 
1137 1225 
1225 1209 
1209 1121 
1116 1134 
1134 1224 
1224 1205 
1205 1116 
914 973 
973 1223 
1223 1206 
1206 914 
1133 1125 
1125 1214 
1214 1222 
1222 1133 
965 944 
944 1213 
1213 1221 
1221 965 
993 967 
967 1220 
1220 1231 
1231 993 
1142 1131 
1131 1219 
1219 1232 
1232 1142 
1131 1126 
1126 1215 
1215 1219 
1219 1131 
1128 1129 
1129 1218 
1218 1217 
1217 1128 
1126 1128 
1128 1217 
1217 1215 
1215 1126 
1129 1127 
1127 1216 
1216 1218 
1218 1129 
1153 1124 
1124 1213 
1213 1241 
1241 1153 
967 970 
970 1216 
1216 1220 
1220 967 
1139 1122 
1122 1211 
1211 1227 
1227 1139 
1020 946 
946 1214 
1214 1242 
1242 1020 
973 947 
947 1210 
1210 1223 
1223 973 
1134 1121 
1121 1209 
1209 1224 
1224 1134 
1137 1118 
1118 1207 
1207 1225 
1225 1137 
981 951 
951 1212 
1212 1228 
1228 981 
1277 1116 
1116 1205 
1205 1278 
1278 1277 
978 938 
938 1208 
1208 1226 
1226 978 
1089 1114 
1114 1203 
1203 1178 
1178 1089 
1274 914 
914 1206 
1206 1279 
1279 1274 
1151 1239 
1239 1184 
1184 1095 
1095 1151 
1246 1252 
1252 1251 
1251 1245 
1245 1246 
1107 1110 
1110 1198 
1198 1196 
1196 1107 
1103 1107 
1107 1196 
1196 1192 
1192 1103 
1110 1105 
1105 1194 
1194 1198 
1198 1110 
925 924 
924 1194 
1194 1195 
1195 925 
1092 1103 
1103 1192 
1192 1179 
1179 1092 
916 920 
920 1190 
1190 1187 
1187 916 
920 918 
918 1185 
1185 1190 
1190 920 
931 916 
916 1187 
1187 1200 
1200 931 
1256 1260 
1260 1244 
1244 918 
918 1256 
1092 1179 
1179 1202 
1202 1113 
1113 1092 
1010 1240 
1240 1183 
1183 909 
909 1010 
905 907 
907 1182 
1182 1181 
1181 905 
1001 1235 
1235 1178 
1178 904 
904 1001 
1147 1236 
1236 1180 
1180 1090 
1090 1147 
902 935 
935 1204 
1204 1180 
1180 902 
1185 1244 
1244 1243 
1243 1099 
1099 1185 
918 1244 
1244 1185 
1185 918 
1245 1182 
1182 907 
907 1246 
1246 1245 
1249 1253 
1253 1254 
1254 1250 
1250 1249 
1252 931 
931 1200 
1200 1251 
1251 1252 
1250 1254 
1254 931 
931 1252 
1252 1250 
1246 907 
907 1253 
1253 1249 
1249 1246 
1248 1093 
1093 1182 
1182 1245 
1245 1248 
1251 1200 
1200 1247 
1247 1112 
1112 1251 
1254 1253 
1253 913 
913 930 
930 1254 
1263 1262 
1262 1169 
1169 1177 
1177 1263 
1005 1259 
1259 1261 
1261 932 
932 1005 
919 1189 
1189 1260 
1260 1256 
1256 919 
917 921 
921 1258 
1258 1255 
1255 917 
921 919 
919 1256 
1256 1258 
1258 921 
913 1253 
1253 1261 
1261 933 
933 913 
1244 1260 
1260 1257 
1257 1243 
1243 1244 
1254 1255 
1255 916 
916 931 
931 1254 
930 917 
917 1255 
1255 1254 
1254 930 
1253 907 
907 932 
932 1261 
1261 1253 
1114 1267 
1267 1271 
1271 1203 
1203 1114 
935 1264 
1264 1270 
1270 1204 
1204 935 
1204 1270 
1270 1268 
1268 1115 
1115 1204 
936 1265 
1265 1266 
1266 937 
937 936 
937 1266 
1266 1269 
1269 939 
939 937 
939 1269 
1269 1264 
1264 935 
935 939 
1203 1271 
1271 1265 
1265 936 
936 1203 
995 1274 
1274 1279 
1279 1234 
1234 995 
1145 1277 
1277 1278 
1278 1233 
1233 1145 
1233 1278 
1278 1275 
1275 996 
996 1233 
998 1273 
1273 1274 
1274 995 
995 998 
997 1276 
1276 1273 
1273 998 
998 997 
996 1275 
1275 1276 
1276 997 
997 996 
1234 1279 
1279 1272 
1272 1144 
1144 1234 
1018 1263 
1263 1017 
1017 1018 
1172 1263 
1263 1018 
1018 1172 
815 1096 
1096 1104 
1104 822 
822 815 
830 624 
624 611 
611 817 
817 830 
820 615 
615 613 
613 818 
818 820 
817 611 
611 615 
615 820 
820 817 
828 1109 
1109 1106 
1106 824 
824 828 
822 1104 
1104 1108 
1108 826 
826 822 
826 1108 
1108 1109 
1109 828 
828 826 
815 607 
607 624 
624 830 
830 815 
1096 815 
815 830 
830 1111 
1111 1096 
620 826 
826 828 
828 623 
623 620 
617 822 
822 826 
826 620 
620 617 
623 828 
828 824 
824 619 
619 623 
1098 817 
817 820 
820 1101 
1101 1098 
1101 820 
820 818 
818 1100 
1100 1101 
1111 830 
830 817 
817 1098 
1098 1111 
607 815 
815 822 
822 617 
617 607 
1186 1193 
1193 1104 
1104 1096 
1096 1186 
1201 1188 
1188 917 
917 930 
930 1201 
1191 1189 
1189 919 
919 921 
921 1191 
1188 1191 
1191 921 
921 917 
917 1188 
1199 1195 
1195 1106 
1106 1109 
1109 1199 
1193 1197 
1197 1108 
1108 1104 
1104 1193 
1197 1199 
1199 1109 
1109 1108 
1108 1197 
1186 1201 
1201 930 
930 913 
913 1186 
1096 1111 
1111 1201 
1201 1186 
1186 1096 
926 929 
929 1199 
1199 1197 
1197 926 
923 926 
926 1197 
1197 1193 
1193 923 
929 925 
925 1195 
1195 1199 
1199 929 
1098 1101 
1101 1191 
1191 1188 
1188 1098 
1101 1100 
1100 1189 
1189 1191 
1191 1101 
1111 1098 
1098 1188 
1188 1201 
1201 1111 
913 923 
923 1193 
1193 1186 
1186 913 
0 12 
12 11 
11 0 
1 12 
12 14 
14 1 
0 11 
11 16 
16 0 
0 16 
16 18 
18 0 
0 18 
18 15 
15 0 
1 14 
14 21 
21 1 
2 13 
13 23 
23 2 
3 19 
19 26 
26 3 
4 20 
20 27 
27 4 
1 21 
21 24 
24 1 
2 23 
23 25 
25 2 
3 26 
26 28 
28 3 
4 27 
27 22 
22 4 
5 29 
29 34 
34 5 
6 30 
30 36 
36 6 
7 31 
31 37 
37 7 
8 32 
32 38 
38 8 
9 33 
33 35 
35 9 
35 38 
38 10 
10 35 
35 33 
33 38 
38 35 
33 8 
8 38 
38 33 
38 37 
37 10 
10 38 
38 32 
32 37 
37 38 
32 7 
7 37 
37 32 
37 36 
36 10 
10 37 
37 31 
31 36 
36 37 
31 6 
6 36 
36 31 
36 34 
34 10 
10 36 
36 30 
30 34 
34 36 
30 5 
5 34 
34 30 
34 35 
35 10 
10 34 
34 29 
29 35 
35 34 
29 9 
9 35 
35 29 
22 33 
33 9 
9 22 
22 27 
27 33 
33 22 
27 8 
8 33 
33 27 
28 32 
32 8 
8 28 
28 26 
26 32 
32 28 
26 7 
7 32 
32 26 
25 30 
30 6 
6 25 
25 23 
23 30 
30 25 
23 5 
5 30 
30 23 
24 29 
29 5 
5 24 
24 21 
21 29 
29 24 
21 9 
9 29 
29 21 
27 28 
28 8 
8 27 
27 20 
20 28 
28 27 
20 3 
3 28 
28 20 
17 2 
2 25 
25 17 
23 24 
24 5 
5 23 
23 13 
13 24 
24 23 
13 1 
1 24 
24 13 
21 22 
22 9 
9 21 
21 14 
14 22 
22 21 
14 4 
4 22 
22 14 
15 20 
20 4 
4 15 
15 18 
18 20 
20 15 
18 3 
3 20 
20 18 
18 19 
19 3 
3 18 
18 16 
16 19 
19 18 
16 11 
11 17 
17 16 
11 2 
2 17 
17 11 
14 15 
15 4 
4 14 
14 12 
12 15 
15 14 
12 0 
0 15 
15 12 
11 13 
13 2 
2 11 
11 12 
12 13 
13 11 
12 1 
1 13 
13 12 
39 50 
50 51 
51 39 
40 53 
53 51 
51 40 
39 55 
55 50 
50 39 
39 57 
57 55 
55 39 
39 54 
54 57 
57 39 
40 60 
60 53 
53 40 
41 62 
62 52 
52 41 
42 65 
65 58 
58 42 
43 66 
66 59 
59 43 
40 63 
63 60 
60 40 
41 64 
64 62 
62 41 
42 67 
67 65 
65 42 
43 61 
61 66 
66 43 
44 73 
73 68 
68 44 
45 75 
75 69 
69 45 
46 76 
76 70 
70 46 
47 77 
77 71 
71 47 
48 74 
74 72 
72 48 
74 49 
49 77 
77 74 
74 77 
77 72 
72 74 
72 77 
77 47 
47 72 
77 49 
49 76 
76 77 
77 76 
76 71 
71 77 
71 76 
76 46 
46 71 
76 49 
49 75 
75 76 
76 75 
75 70 
70 76 
70 75 
75 45 
45 70 
75 49 
49 73 
73 75 
75 73 
73 69 
69 75 
69 73 
73 44 
44 69 
73 49 
49 74 
74 73 
73 74 
74 68 
68 73 
68 74 
74 48 
48 68 
61 48 
48 72 
72 61 
61 72 
72 66 
66 61 
66 72 
72 47 
47 66 
67 47 
47 71 
71 67 
67 71 
71 65 
65 67 
65 71 
71 46 
46 65 
64 45 
45 69 
69 64 
64 69 
69 62 
62 64 
62 69 
69 44 
44 62 
63 44 
44 68 
68 63 
63 68 
68 60 
60 63 
60 68 
68 48 
48 60 
66 47 
47 67 
67 66 
66 67 
67 59 
59 66 
59 67 
67 42 
42 59 
56 64 
64 41 
41 56 
62 44 
44 63 
63 62 
62 63 
63 52 
52 62 
52 63 
63 40 
40 52 
60 48 
48 61 
61 60 
60 61 
61 53 
53 60 
53 61 
61 43 
43 53 
54 43 
43 59 
59 54 
54 59 
59 57 
57 54 
57 59 
59 42 
42 57 
57 42 
42 58 
58 57 
57 58 
58 55 
55 57 
55 56 
56 50 
50 55 
50 56 
56 41 
41 50 
53 43 
43 54 
54 53 
53 54 
54 51 
51 53 
51 54 
54 39 
39 51 
50 41 
41 52 
52 50 
50 52 
52 51 
51 50 
51 52 
52 40 
40 51 
